Benchmark: apex4
Inputs: 9
Outputs: 19
BDD type: SBDD
BDD construct time (s): 0.4635319709777832
	Output variables: f0, f1, f2, f3, f4, f5, f6, f7, f8, f9, f10, f11, f12, f13, f14, f15, f16, f17, f18
	Nodes: 990
	Edges: 1976
	BDD show time (s): 0.06963634490966797
Partition alpha: 0.5
Partition D: 128
Partition K: 18
Partition ILP time (s): 3605.8833734989166
Partition status: Optimal
Partition objective S: 823.0
N: 18
I: 1628
Roots: [0, 1, 2, 3, 4, 5, 6, 7, 8, 9, 10, 11, 12, 13, 14, 15, 16, 17, 989]
Terminal: [988]
Gap (%): 40.85
	Crossbar: 0
	Rows: 111
	Columns: 128
	Nodes: [7, 44, 52, 76, 83, 96, 134, 140, 168, 171, 184, 222, 225, 239, 255, 278, 297, 302, 309, 311, 328, 329, 348, 375, 377, 381, 384, 401, 412, 417, 426, 438, 441, 454, 456, 467, 500, 504, 514, 517, 524, 539, 546, 557, 569, 605, 613, 616, 619, 633, 636, 638, 656, 659, 667, 683, 700, 708, 713, 728, 731, 732, 739, 741, 752, 762, 766, 779, 782, 791, 802, 810, 814, 815, 818, 819, 822, 823, 824, 829, 832, 840, 841, 845, 847, 852, 859, 862, 865, 872, 874, 889, 894, 921, 927, 928, 929, 933, 934, 945, 953, 967, 968, 975, 976, 977, 978, 979, 981, 982, 985]
	Edges: [(7, 44), (44, 83), (44, 96), (52, 140), (52, 171), (76, 184), (134, 375), (134, 309), (168, 348), (171, 297), (171, 426), (184, 328), (184, 278), (222, 713), (225, 739), (225, 752), (239, 700), (255, 500), (297, 616), (297, 467), (302, 504), (302, 569), (309, 732), (311, 438), (311, 454), (328, 633), (328, 524), (329, 524), (329, 667), (348, 779), (348, 732), (375, 741), (377, 766), (381, 636), (381, 517), (384, 708), (401, 638), (412, 619), (412, 557), (417, 605), (426, 656), (438, 810), (438, 945), (441, 874), (454, 978), (454, 862), (456, 822), (467, 865), (467, 840), (500, 845), (500, 979), (504, 953), (504, 824), (514, 845), (517, 967), (517, 968), (539, 894), (539, 818), (546, 927), (546, 976), (569, 921), (605, 859), (605, 819), (613, 824), (616, 928), (619, 872), (619, 933), (633, 933), (633, 934), (636, 840), (636, 894), (638, 814), (638, 852), (656, 927), (659, 889), (659, 845), (667, 889), (667, 832), (683, 927), (700, 819), (700, 934), (708, 874), (708, 929), (713, 889), (713, 927), (728, 859), (728, 841), (731, 927), (731, 929), (732, 815), (732, 814), (739, 832), (741, 929), (752, 889), (762, 872), (762, 953), (766, 824), (779, 934), (779, 874), (782, 822), (791, 982), (802, 977), (810, 979), (815, 981), (822, 977), (822, 981), (823, 976), (824, 982), (829, 975), (840, 982), (841, 976), (845, 975), (847, 977), (852, 976), (852, 981), (859, 975), (862, 977), (862, 979), (872, 985), (874, 981), (894, 985), (894, 982), (921, 977), (921, 976), (928, 979), (928, 981), (945, 981), (968, 982)]
	Crossbar: 1
	Rows: 100
	Columns: 127
	Nodes: [31, 50, 108, 156, 163, 191, 196, 226, 245, 251, 262, 270, 318, 320, 325, 347, 349, 372, 386, 390, 392, 396, 397, 427, 433, 449, 458, 462, 464, 466, 481, 486, 489, 496, 499, 501, 503, 511, 521, 534, 538, 544, 551, 553, 563, 577, 580, 591, 604, 615, 618, 625, 641, 664, 669, 681, 685, 727, 744, 745, 756, 764, 768, 776, 789, 794, 799, 802, 805, 812, 829, 836, 844, 845, 846, 853, 866, 875, 887, 889, 890, 893, 906, 912, 929, 933, 936, 939, 951, 956, 969, 974, 976, 979, 980, 984, 985, 986, 987, 988]
	Edges: [(31, 50), (31, 108), (50, 163), (108, 196), (156, 270), (156, 397), (191, 251), (196, 349), (226, 433), (226, 481), (245, 681), (245, 768), (251, 496), (251, 669), (262, 466), (262, 489), (270, 744), (270, 486), (318, 449), (318, 664), (320, 538), (325, 553), (325, 580), (347, 551), (349, 534), (372, 464), (372, 462), (386, 756), (386, 625), (390, 521), (390, 727), (392, 685), (392, 604), (396, 577), (397, 745), (397, 544), (427, 499), (427, 641), (433, 929), (433, 912), (449, 912), (449, 845), (458, 889), (462, 936), (464, 889), (464, 912), (466, 836), (466, 980), (481, 836), (481, 936), (486, 939), (486, 986), (496, 984), (499, 844), (499, 845), (501, 866), (503, 889), (503, 936), (511, 956), (511, 890), (521, 951), (521, 889), (534, 985), (534, 805), (538, 875), (538, 974), (544, 812), (544, 988), (551, 890), (551, 933), (553, 853), (553, 889), (563, 887), (563, 794), (577, 939), (577, 789), (580, 893), (591, 906), (615, 980), (618, 845), (625, 794), (625, 789), (641, 836), (641, 939), (664, 866), (669, 906), (681, 829), (685, 802), (727, 969), (727, 889), (744, 829), (745, 889), (745, 988), (756, 979), (756, 889), (764, 929), (764, 986), (768, 939), (768, 933), (776, 929), (776, 836), (789, 980), (789, 985), (799, 984), (799, 985), (802, 974), (844, 980), (846, 988), (846, 974), (853, 984), (866, 985), (866, 988), (875, 985), (887, 985), (887, 986), (890, 976), (906, 976), (906, 985), (912, 986), (912, 988), (936, 988), (939, 986), (939, 987), (951, 986), (956, 984), (956, 986), (985, 986)]
	Crossbar: 2
	Rows: 112
	Columns: 116
	Nodes: [2, 4, 6, 8, 16, 19, 26, 27, 29, 34, 36, 48, 52, 54, 56, 58, 65, 71, 97, 100, 101, 105, 111, 123, 124, 131, 136, 137, 138, 141, 144, 147, 151, 164, 167, 190, 194, 216, 217, 219, 240, 244, 248, 255, 258, 267, 271, 279, 292, 298, 306, 308, 316, 324, 341, 343, 352, 356, 371, 377, 381, 408, 423, 427, 434, 441, 448, 453, 468, 497, 501, 505, 514, 539, 560, 561, 575, 582, 601, 618, 622, 623, 626, 627, 628, 631, 671, 673, 675, 696, 698, 711, 753, 771, 781, 789, 796, 807, 831, 833, 834, 840, 844, 850, 869, 878, 884, 885, 919, 926, 955, 966]
	Edges: [(2, 27), (2, 26), (4, 29), (4, 48), (6, 34), (8, 36), (16, 19), (26, 52), (26, 56), (27, 97), (27, 101), (29, 54), (29, 105), (34, 71), (34, 111), (36, 58), (36, 65), (54, 151), (56, 219), (58, 194), (71, 147), (71, 144), (97, 131), (97, 136), (100, 124), (100, 190), (101, 167), (101, 141), (105, 138), (105, 123), (111, 164), (123, 341), (124, 316), (124, 240), (131, 292), (131, 423), (136, 352), (137, 244), (138, 324), (138, 255), (144, 356), (144, 377), (147, 343), (147, 381), (151, 271), (167, 371), (167, 298), (190, 427), (190, 306), (194, 258), (216, 279), (216, 308), (217, 248), (219, 267), (219, 408), (240, 539), (240, 673), (244, 781), (244, 434), (248, 501), (248, 561), (255, 675), (258, 771), (267, 514), (271, 575), (271, 675), (279, 753), (292, 601), (292, 711), (298, 711), (298, 448), (306, 561), (308, 671), (316, 698), (324, 441), (324, 582), (341, 628), (341, 623), (343, 626), (343, 631), (356, 468), (356, 618), (377, 505), (408, 627), (408, 696), (423, 497), (434, 834), (434, 796), (441, 831), (453, 844), (497, 807), (497, 789), (501, 955), (514, 884), (560, 966), (561, 869), (561, 885), (575, 919), (575, 796), (601, 840), (622, 834), (626, 840), (626, 796), (627, 833), (627, 878), (673, 955), (673, 844), (696, 796), (698, 919), (698, 966), (711, 926), (753, 955), (753, 850), (771, 840), (771, 844), (781, 850)]
	Crossbar: 3
	Rows: 116
	Columns: 126
	Nodes: [19, 23, 25, 55, 70, 76, 88, 94, 104, 110, 112, 120, 122, 133, 140, 143, 148, 164, 179, 186, 197, 198, 204, 211, 212, 213, 225, 237, 243, 252, 261, 266, 269, 280, 283, 289, 290, 305, 307, 314, 329, 331, 340, 353, 363, 366, 368, 370, 372, 391, 393, 396, 398, 416, 418, 437, 445, 453, 457, 468, 473, 476, 478, 491, 493, 505, 506, 512, 536, 546, 564, 576, 578, 580, 586, 593, 594, 614, 615, 639, 653, 666, 672, 678, 703, 706, 714, 716, 717, 725, 758, 810, 812, 817, 818, 819, 821, 823, 829, 836, 837, 845, 871, 873, 886, 889, 890, 919, 930, 942, 955, 958, 971, 978, 984, 986]
	Edges: [(19, 104), (19, 94), (23, 76), (23, 70), (25, 112), (25, 55), (55, 204), (70, 120), (70, 179), (76, 213), (88, 211), (94, 133), (104, 186), (104, 148), (110, 186), (120, 289), (120, 329), (122, 340), (133, 393), (140, 314), (140, 353), (143, 283), (143, 269), (148, 261), (164, 416), (179, 391), (186, 237), (197, 252), (197, 368), (198, 331), (198, 372), (204, 225), (204, 280), (211, 243), (211, 290), (212, 370), (213, 366), (213, 396), (237, 653), (252, 457), (252, 678), (261, 491), (266, 536), (269, 725), (280, 453), (280, 576), (283, 468), (283, 615), (289, 476), (289, 639), (290, 653), (290, 758), (305, 758), (307, 614), (307, 578), (331, 716), (331, 546), (340, 678), (340, 703), (353, 445), (353, 714), (363, 593), (370, 564), (370, 437), (391, 478), (393, 653), (396, 639), (398, 468), (398, 758), (416, 672), (416, 594), (418, 717), (418, 666), (437, 871), (437, 942), (445, 971), (445, 817), (453, 958), (457, 889), (468, 810), (473, 958), (478, 819), (491, 986), (493, 871), (505, 836), (506, 810), (506, 821), (512, 986), (536, 818), (536, 819), (564, 812), (564, 837), (576, 955), (576, 886), (578, 890), (580, 930), (586, 829), (586, 818), (593, 889), (593, 873), (594, 890), (594, 971), (614, 978), (615, 845), (639, 823), (639, 919), (653, 873), (666, 836), (666, 818), (672, 971), (672, 958), (678, 930), (703, 871), (706, 819), (706, 984), (716, 978), (716, 890), (717, 845), (717, 812), (725, 889), (819, 984), (821, 978), (829, 986), (837, 978), (886, 978), (919, 986)]
	Crossbar: 4
	Rows: 93
	Columns: 112
	Nodes: [0, 20, 45, 77, 89, 103, 110, 132, 155, 156, 160, 175, 176, 194, 195, 201, 238, 247, 264, 276, 296, 306, 338, 344, 347, 359, 362, 364, 368, 394, 418, 426, 442, 443, 446, 478, 520, 536, 543, 603, 618, 620, 648, 654, 665, 670, 689, 690, 704, 721, 730, 750, 754, 765, 767, 772, 782, 788, 794, 795, 811, 816, 818, 826, 828, 830, 833, 835, 849, 856, 861, 885, 891, 895, 896, 901, 902, 904, 923, 925, 926, 929, 940, 944, 972, 974, 975, 977, 978, 980, 981, 985, 988]
	Edges: [(0, 20), (20, 110), (20, 89), (45, 103), (77, 175), (89, 160), (89, 988), (103, 155), (103, 988), (110, 156), (132, 362), (155, 347), (155, 344), (160, 394), (175, 364), (175, 359), (176, 296), (176, 418), (194, 238), (195, 264), (201, 338), (238, 721), (247, 543), (264, 772), (264, 689), (276, 520), (276, 754), (296, 704), (296, 446), (306, 782), (338, 603), (338, 620), (344, 670), (344, 442), (347, 648), (359, 665), (359, 536), (362, 730), (362, 767), (368, 690), (368, 654), (394, 670), (394, 443), (426, 750), (442, 856), (442, 929), (443, 856), (446, 981), (446, 895), (478, 896), (520, 925), (543, 923), (603, 788), (603, 861), (618, 978), (654, 923), (665, 795), (665, 811), (670, 896), (689, 891), (689, 835), (704, 816), (704, 940), (721, 944), (750, 828), (765, 902), (767, 972), (767, 944), (782, 794), (788, 988), (788, 977), (794, 978), (794, 985), (795, 978), (795, 980), (811, 978), (816, 980), (818, 975), (818, 978), (826, 980), (826, 977), (828, 975), (828, 977), (830, 981), (830, 978), (833, 977), (833, 988), (835, 974), (835, 977), (849, 985), (849, 981), (885, 977), (885, 985), (891, 974), (896, 978), (901, 977), (901, 978), (902, 985), (902, 980), (904, 978), (904, 981), (923, 977), (923, 975), (925, 988), (925, 985), (926, 988), (926, 980), (940, 977), (944, 978), (972, 981), (974, 988), (977, 988)]
	Crossbar: 5
	Rows: 115
	Columns: 128
	Nodes: [3, 5, 15, 18, 22, 23, 28, 37, 39, 51, 53, 67, 68, 75, 79, 102, 115, 116, 142, 145, 146, 165, 169, 176, 183, 198, 200, 201, 208, 209, 223, 227, 228, 235, 241, 253, 287, 311, 320, 351, 358, 369, 371, 378, 380, 385, 399, 401, 406, 410, 419, 422, 439, 455, 465, 470, 490, 493, 495, 502, 506, 509, 510, 516, 583, 606, 607, 637, 648, 649, 652, 660, 680, 686, 702, 706, 709, 713, 715, 735, 737, 754, 762, 770, 775, 777, 780, 781, 791, 799, 806, 816, 830, 837, 839, 842, 848, 860, 872, 895, 899, 901, 908, 912, 924, 930, 931, 934, 957, 958, 964, 968, 974, 976, 979]
	Edges: [(3, 18), (5, 39), (5, 37), (15, 23), (15, 28), (18, 79), (18, 51), (22, 102), (28, 68), (37, 75), (37, 53), (51, 200), (51, 169), (67, 142), (68, 209), (68, 176), (75, 146), (75, 198), (79, 115), (79, 165), (102, 201), (102, 116), (116, 311), (142, 223), (142, 378), (145, 380), (146, 241), (146, 410), (165, 369), (165, 419), (169, 422), (183, 320), (183, 235), (200, 401), (200, 358), (201, 351), (208, 228), (209, 253), (209, 287), (223, 506), (223, 493), (227, 648), (227, 607), (228, 509), (228, 439), (235, 660), (235, 762), (241, 680), (241, 706), (253, 777), (287, 709), (320, 583), (351, 737), (351, 713), (358, 490), (369, 470), (369, 715), (371, 770), (378, 652), (378, 510), (380, 495), (380, 680), (385, 649), (385, 506), (399, 637), (401, 735), (406, 502), (406, 775), (410, 606), (419, 735), (422, 686), (455, 912), (465, 964), (470, 842), (470, 806), (490, 806), (493, 872), (495, 964), (502, 931), (502, 924), (509, 901), (509, 842), (516, 908), (516, 899), (583, 872), (583, 860), (606, 964), (607, 976), (637, 958), (637, 930), (648, 895), (652, 895), (660, 872), (660, 957), (680, 976), (686, 848), (686, 837), (702, 958), (702, 872), (709, 895), (709, 912), (715, 848), (715, 816), (737, 791), (754, 934), (754, 830), (770, 968), (775, 839), (777, 830), (777, 799), (780, 912), (781, 872), (791, 974), (816, 979), (837, 979), (839, 976), (842, 976), (848, 974), (848, 976), (860, 974), (899, 979), (899, 974), (924, 974), (930, 974), (931, 976), (934, 974), (964, 976), (968, 974)]
	Crossbar: 6
	Rows: 94
	Columns: 111
	Nodes: [1, 6, 22, 41, 46, 50, 59, 64, 73, 87, 107, 126, 130, 132, 134, 136, 151, 152, 168, 177, 178, 206, 218, 222, 259, 295, 310, 326, 336, 346, 354, 355, 360, 384, 390, 400, 406, 414, 415, 431, 459, 469, 472, 475, 520, 545, 563, 572, 573, 587, 589, 599, 608, 614, 620, 632, 668, 676, 679, 680, 687, 688, 696, 718, 721, 790, 801, 806, 814, 817, 819, 823, 836, 855, 856, 857, 858, 876, 877, 884, 904, 917, 918, 922, 958, 961, 962, 974, 978, 979, 982, 983, 985, 987]
	Edges: [(1, 22), (1, 46), (6, 41), (22, 59), (41, 73), (41, 64), (46, 107), (46, 87), (50, 218), (59, 206), (59, 178), (64, 168), (64, 132), (73, 126), (73, 134), (87, 130), (107, 177), (107, 152), (126, 326), (126, 384), (130, 346), (132, 406), (136, 310), (151, 295), (152, 259), (152, 390), (168, 414), (177, 400), (177, 336), (206, 222), (218, 354), (218, 415), (222, 676), (295, 679), (295, 587), (310, 599), (310, 718), (326, 688), (336, 573), (336, 668), (346, 572), (354, 431), (354, 608), (355, 472), (360, 545), (384, 563), (400, 469), (414, 688), (414, 475), (415, 632), (431, 823), (431, 855), (459, 857), (469, 983), (472, 958), (472, 917), (520, 982), (545, 819), (545, 836), (572, 958), (573, 979), (573, 904), (589, 858), (608, 962), (614, 918), (620, 817), (620, 801), (676, 982), (676, 918), (679, 823), (679, 856), (680, 819), (687, 877), (688, 819), (688, 962), (696, 876), (718, 884), (721, 922), (790, 987), (790, 974), (801, 978), (801, 983), (806, 979), (806, 982), (814, 979), (814, 985), (819, 978), (823, 974), (836, 987), (855, 983), (856, 987), (856, 979), (857, 982), (857, 979), (858, 982), (858, 987), (876, 985), (876, 987), (877, 987), (877, 985), (884, 982), (884, 983), (922, 985), (922, 978), (958, 979), (961, 983), (961, 979), (962, 983), (962, 987), (979, 987), (985, 987)]
	Crossbar: 7
	Rows: 102
	Columns: 128
	Nodes: [9, 14, 25, 30, 45, 55, 63, 85, 93, 123, 128, 129, 130, 141, 143, 169, 179, 195, 206, 224, 231, 236, 263, 285, 303, 312, 313, 330, 342, 355, 367, 391, 392, 398, 403, 407, 411, 429, 432, 438, 448, 451, 460, 494, 495, 513, 519, 537, 554, 559, 567, 570, 571, 578, 586, 622, 635, 644, 650, 664, 671, 677, 705, 722, 729, 756, 787, 796, 803, 804, 811, 817, 827, 832, 845, 851, 871, 881, 892, 893, 896, 900, 902, 908, 913, 918, 933, 944, 947, 948, 954, 955, 964, 975, 976, 981, 983, 984, 985, 986, 987, 988]
	Edges: [(9, 45), (14, 25), (14, 30), (30, 63), (30, 93), (45, 85), (55, 128), (63, 195), (63, 129), (93, 143), (123, 312), (128, 224), (128, 403), (129, 398), (130, 303), (141, 236), (141, 263), (169, 285), (179, 313), (195, 392), (206, 367), (224, 570), (224, 756), (231, 677), (236, 571), (236, 586), (263, 460), (263, 451), (285, 429), (303, 554), (303, 722), (312, 567), (312, 729), (313, 432), (330, 494), (342, 495), (342, 705), (355, 644), (367, 559), (367, 438), (391, 650), (403, 933), (403, 635), (407, 622), (411, 537), (429, 975), (429, 827), (432, 896), (432, 918), (448, 845), (448, 947), (451, 871), (451, 913), (460, 881), (460, 902), (494, 908), (494, 787), (495, 976), (513, 845), (519, 845), (519, 986), (537, 986), (537, 811), (554, 975), (554, 851), (559, 975), (559, 817), (567, 908), (570, 955), (570, 803), (571, 947), (571, 893), (578, 954), (622, 900), (635, 975), (635, 832), (644, 913), (644, 944), (650, 832), (650, 900), (664, 908), (671, 933), (671, 871), (677, 902), (677, 804), (705, 811), (705, 976), (722, 964), (722, 986), (729, 975), (729, 948), (787, 986), (796, 975), (796, 985), (803, 988), (803, 976), (804, 975), (804, 983), (811, 986), (817, 987), (817, 981), (827, 987), (827, 988), (832, 976), (851, 986), (881, 976), (892, 976), (892, 986), (893, 988), (896, 987), (900, 986), (900, 981), (908, 975), (908, 981), (913, 988), (918, 984), (918, 988), (944, 987), (947, 984), (948, 987), (954, 975), (954, 986), (955, 985), (955, 976), (976, 986), (981, 987), (983, 986), (984, 986)]
	Crossbar: 8
	Rows: 69
	Columns: 83
	Nodes: [54, 129, 160, 162, 170, 188, 193, 221, 233, 246, 273, 315, 316, 335, 361, 364, 366, 395, 404, 413, 421, 425, 465, 469, 471, 473, 476, 488, 496, 510, 516, 540, 547, 582, 595, 612, 658, 661, 668, 674, 707, 724, 725, 736, 752, 757, 758, 760, 763, 772, 786, 792, 800, 842, 845, 854, 859, 890, 895, 910, 927, 929, 931, 933, 948, 957, 971, 984, 985]
	Edges: [(54, 170), (129, 413), (160, 315), (162, 395), (170, 246), (170, 425), (188, 221), (188, 364), (193, 361), (221, 674), (221, 465), (233, 661), (233, 612), (246, 845), (273, 473), (273, 757), (315, 758), (315, 540), (316, 488), (335, 760), (361, 724), (361, 763), (364, 758), (364, 595), (366, 658), (366, 471), (395, 757), (395, 725), (404, 488), (413, 547), (413, 763), (421, 707), (425, 582), (425, 516), (465, 859), (469, 800), (471, 859), (471, 910), (473, 933), (476, 786), (488, 786), (488, 933), (496, 957), (510, 854), (510, 929), (540, 890), (540, 927), (547, 931), (547, 933), (582, 792), (582, 800), (595, 890), (612, 859), (661, 842), (668, 957), (668, 971), (674, 933), (707, 927), (707, 933), (724, 859), (724, 927), (725, 933), (736, 927), (752, 971), (757, 854), (758, 927), (760, 984), (760, 895), (763, 859), (772, 948), (772, 859), (786, 985), (800, 984), (842, 984), (845, 984), (854, 984), (859, 984), (895, 984), (933, 984), (948, 984), (957, 985), (971, 985), (971, 984)]
	Crossbar: 9
	Rows: 55
	Columns: 63
	Nodes: [8, 24, 60, 100, 164, 214, 217, 242, 262, 284, 319, 339, 371, 375, 404, 405, 410, 456, 461, 479, 492, 513, 530, 574, 596, 597, 599, 662, 669, 683, 693, 723, 787, 798, 821, 834, 847, 854, 871, 878, 880, 883, 888, 889, 916, 931, 938, 946, 963, 974, 975, 978, 980, 982, 987]
	Edges: [(8, 24), (24, 100), (24, 60), (60, 217), (60, 214), (164, 284), (214, 339), (214, 262), (217, 404), (242, 662), (284, 596), (284, 693), (319, 683), (339, 456), (339, 530), (371, 599), (375, 492), (404, 513), (405, 479), (410, 723), (456, 821), (461, 871), (479, 854), (479, 931), (492, 931), (492, 888), (513, 821), (530, 889), (530, 847), (574, 946), (596, 880), (597, 938), (599, 880), (599, 878), (662, 787), (662, 916), (669, 888), (683, 975), (693, 938), (693, 889), (723, 978), (723, 889), (787, 980), (798, 975), (798, 980), (821, 974), (834, 980), (834, 975), (854, 978), (871, 978), (878, 982), (878, 980), (883, 980), (883, 974), (888, 975), (888, 974), (889, 975), (916, 975), (931, 978), (946, 975), (946, 987), (963, 978), (975, 987)]
	Crossbar: 10
	Rows: 112
	Columns: 126
	Nodes: [10, 40, 42, 49, 66, 69, 77, 78, 81, 92, 96, 114, 122, 157, 158, 161, 174, 178, 180, 191, 192, 197, 220, 231, 243, 249, 250, 254, 256, 266, 268, 278, 291, 300, 307, 309, 319, 323, 342, 345, 360, 373, 376, 393, 399, 419, 439, 452, 476, 483, 498, 507, 524, 532, 535, 556, 574, 592, 597, 600, 601, 606, 624, 630, 643, 645, 648, 649, 655, 657, 661, 684, 691, 720, 726, 736, 738, 741, 746, 748, 785, 790, 797, 800, 803, 809, 810, 820, 831, 838, 848, 868, 891, 907, 909, 920, 924, 929, 931, 940, 943, 953, 957, 961, 964, 975, 976, 977, 978, 980, 984, 988]
	Edges: [(10, 49), (10, 42), (40, 92), (40, 81), (42, 78), (42, 69), (49, 66), (49, 77), (66, 220), (66, 192), (69, 191), (69, 988), (77, 161), (81, 122), (92, 197), (92, 157), (96, 174), (96, 988), (114, 345), (114, 323), (122, 376), (157, 300), (158, 256), (161, 266), (161, 268), (174, 373), (174, 291), (178, 307), (178, 231), (180, 399), (191, 291), (192, 250), (192, 254), (220, 342), (220, 319), (231, 746), (243, 648), (243, 738), (249, 556), (250, 684), (250, 720), (256, 532), (256, 726), (266, 691), (268, 592), (278, 645), (278, 574), (291, 452), (300, 736), (300, 738), (309, 483), (319, 684), (323, 498), (323, 661), (360, 657), (373, 738), (376, 720), (376, 736), (393, 624), (399, 748), (419, 597), (439, 785), (439, 820), (452, 929), (476, 803), (483, 920), (483, 868), (498, 964), (498, 810), (507, 909), (507, 809), (524, 924), (532, 790), (532, 964), (535, 838), (556, 803), (556, 931), (574, 803), (592, 978), (597, 961), (600, 976), (601, 964), (606, 929), (624, 929), (624, 920), (630, 929), (643, 975), (645, 785), (645, 943), (649, 838), (649, 931), (655, 809), (657, 848), (661, 976), (684, 964), (691, 848), (691, 957), (720, 978), (726, 943), (726, 964), (738, 929), (741, 957), (746, 907), (746, 961), (748, 931), (748, 975), (785, 976), (785, 984), (797, 988), (800, 980), (809, 988), (809, 984), (831, 984), (831, 977), (838, 975), (891, 984), (907, 976), (907, 980), (909, 976), (920, 980), (924, 988), (940, 984), (943, 978), (953, 976), (953, 977), (957, 975)]
	Crossbar: 11
	Rows: 95
	Columns: 127
	Nodes: [65, 115, 148, 163, 166, 205, 238, 253, 257, 261, 267, 314, 321, 327, 334, 346, 358, 379, 383, 389, 400, 402, 435, 440, 444, 459, 477, 480, 523, 533, 542, 566, 568, 569, 572, 588, 590, 591, 610, 621, 628, 663, 674, 682, 687, 694, 701, 742, 751, 761, 769, 780, 793, 795, 798, 805, 808, 842, 852, 853, 863, 865, 867, 868, 870, 882, 903, 911, 913, 917, 930, 932, 935, 938, 941, 943, 945, 949, 950, 952, 960, 964, 966, 969, 970, 974, 975, 976, 979, 980, 981, 983, 986, 987, 988]
	Edges: [(65, 166), (115, 257), (115, 327), (148, 383), (163, 379), (166, 389), (166, 321), (205, 402), (238, 751), (253, 588), (257, 459), (257, 477), (261, 568), (267, 590), (314, 687), (314, 610), (321, 663), (327, 533), (327, 621), (334, 440), (334, 674), (346, 523), (358, 477), (379, 435), (379, 591), (383, 444), (383, 566), (389, 701), (389, 780), (400, 480), (402, 542), (402, 742), (435, 808), (435, 932), (440, 853), (440, 943), (444, 988), (459, 882), (477, 882), (480, 935), (480, 867), (523, 853), (523, 945), (533, 949), (533, 795), (542, 945), (542, 868), (566, 930), (566, 988), (568, 793), (569, 795), (572, 865), (588, 986), (588, 863), (590, 950), (590, 842), (591, 952), (610, 865), (610, 966), (621, 852), (621, 842), (628, 935), (628, 853), (663, 935), (663, 943), (674, 795), (682, 970), (687, 903), (694, 798), (742, 870), (742, 798), (751, 867), (751, 935), (761, 964), (761, 983), (769, 945), (780, 964), (793, 979), (793, 986), (805, 988), (805, 975), (808, 983), (808, 980), (863, 987), (863, 986), (865, 981), (865, 975), (867, 979), (867, 976), (868, 975), (870, 976), (870, 988), (882, 987), (882, 983), (903, 988), (903, 986), (911, 983), (911, 981), (913, 980), (917, 975), (917, 988), (932, 988), (932, 983), (938, 986), (938, 979), (941, 980), (941, 979), (943, 979), (945, 988), (949, 979), (949, 988), (950, 974), (950, 987), (952, 981), (960, 974), (960, 986), (964, 975), (966, 981), (969, 983), (969, 986), (970, 981), (970, 979), (979, 986), (980, 988), (981, 988), (983, 988), (986, 988)]
	Crossbar: 12
	Rows: 56
	Columns: 55
	Nodes: [11, 13, 33, 38, 39, 40, 43, 58, 61, 72, 80, 88, 95, 114, 121, 145, 154, 158, 185, 188, 227, 230, 233, 260, 299, 301, 334, 420, 529, 535, 548, 567, 604, 611, 612, 617, 630, 643, 656, 682, 731, 755, 757, 776, 818, 825, 840, 861, 868, 871, 875, 880, 947, 977, 979, 987]
	Edges: [(11, 38), (11, 43), (13, 40), (13, 33), (33, 88), (38, 61), (39, 72), (39, 95), (43, 80), (58, 121), (61, 114), (61, 154), (72, 158), (72, 145), (95, 185), (95, 188), (121, 299), (121, 230), (145, 420), (154, 233), (154, 260), (158, 301), (185, 227), (185, 334), (230, 755), (230, 776), (260, 617), (260, 548), (299, 535), (299, 682), (301, 630), (301, 643), (420, 643), (420, 731), (529, 871), (535, 840), (548, 818), (567, 979), (604, 875), (604, 868), (611, 947), (612, 947), (617, 871), (630, 871), (656, 818), (755, 880), (757, 871), (825, 977), (861, 979), (861, 977), (868, 979), (875, 979), (880, 977), (947, 979), (977, 987)]
	Crossbar: 13
	Rows: 101
	Columns: 108
	Nodes: [12, 21, 31, 38, 47, 57, 62, 78, 90, 113, 118, 119, 135, 153, 162, 163, 187, 189, 196, 199, 207, 212, 215, 229, 242, 254, 265, 272, 273, 274, 294, 304, 313, 318, 332, 335, 357, 360, 374, 382, 387, 405, 409, 412, 436, 447, 450, 455, 487, 507, 511, 519, 525, 529, 549, 552, 560, 579, 585, 600, 611, 619, 642, 647, 651, 690, 692, 694, 733, 737, 744, 753, 759, 761, 764, 775, 781, 786, 792, 807, 809, 815, 819, 820, 825, 842, 864, 873, 879, 890, 892, 898, 905, 919, 931, 942, 965, 974, 981, 983, 986]
	Edges: [(12, 21), (12, 31), (21, 62), (21, 90), (38, 57), (47, 113), (57, 212), (57, 119), (62, 153), (62, 187), (78, 135), (78, 215), (90, 207), (90, 118), (113, 199), (113, 162), (119, 412), (119, 332), (135, 335), (135, 360), (153, 272), (153, 374), (162, 409), (163, 382), (187, 318), (187, 242), (189, 405), (196, 265), (199, 357), (199, 273), (207, 229), (207, 274), (212, 294), (215, 387), (215, 304), (229, 507), (229, 487), (242, 487), (254, 600), (254, 511), (265, 436), (272, 759), (272, 585), (274, 585), (274, 519), (294, 529), (294, 619), (304, 764), (304, 761), (313, 647), (332, 611), (332, 781), (335, 511), (357, 560), (357, 447), (374, 642), (374, 455), (382, 733), (382, 525), (387, 692), (387, 450), (405, 651), (409, 579), (409, 753), (436, 807), (436, 898), (447, 931), (447, 942), (450, 890), (455, 809), (487, 965), (487, 873), (529, 842), (549, 892), (552, 873), (560, 931), (579, 942), (579, 842), (585, 825), (600, 890), (611, 942), (647, 942), (651, 873), (651, 942), (690, 942), (692, 819), (692, 873), (694, 879), (733, 981), (733, 931), (737, 807), (744, 892), (759, 919), (759, 892), (775, 820), (786, 986), (792, 986), (792, 983), (807, 974), (807, 983), (815, 983), (820, 986), (825, 986), (864, 986), (879, 986), (879, 974), (905, 983), (942, 983)]
	Crossbar: 14
	Rows: 42
	Columns: 42
	Nodes: [3, 32, 81, 98, 109, 125, 157, 193, 208, 247, 279, 285, 286, 325, 326, 337, 423, 461, 474, 490, 515, 524, 527, 550, 555, 565, 652, 658, 694, 718, 770, 784, 811, 843, 883, 889, 903, 905, 915, 941, 946, 985]
	Edges: [(3, 32), (32, 98), (32, 109), (81, 125), (98, 193), (109, 208), (125, 337), (157, 247), (193, 325), (208, 286), (247, 550), (279, 784), (285, 515), (286, 474), (286, 694), (326, 527), (337, 555), (337, 461), (423, 565), (461, 941), (474, 889), (474, 915), (490, 905), (515, 905), (515, 811), (524, 946), (527, 811), (527, 889), (550, 883), (555, 883), (555, 889), (565, 903), (565, 889), (652, 889), (658, 946), (658, 889), (718, 903), (770, 903), (784, 883), (784, 843), (843, 985), (905, 985)]
	Crossbar: 15
	Rows: 103
	Columns: 128
	Nodes: [28, 43, 53, 85, 86, 99, 116, 118, 139, 150, 159, 172, 182, 232, 245, 258, 259, 269, 275, 277, 281, 288, 322, 330, 349, 352, 365, 388, 407, 411, 417, 430, 458, 463, 475, 477, 482, 484, 485, 489, 508, 512, 518, 522, 528, 541, 549, 584, 589, 595, 623, 631, 659, 675, 695, 699, 701, 702, 728, 730, 734, 739, 740, 765, 769, 774, 778, 801, 810, 812, 813, 820, 832, 838, 846, 848, 853, 864, 881, 886, 897, 898, 910, 911, 914, 915, 932, 935, 951, 957, 958, 959, 960, 965, 967, 974, 975, 978, 980, 982, 984, 987, 988]
	Edges: [(28, 99), (43, 86), (53, 159), (53, 988), (85, 139), (86, 150), (86, 172), (99, 182), (116, 288), (118, 411), (118, 330), (139, 245), (139, 365), (150, 388), (159, 595), (159, 417), (172, 277), (172, 322), (182, 407), (182, 232), (232, 769), (232, 512), (258, 774), (259, 484), (259, 589), (269, 522), (275, 695), (277, 541), (277, 702), (281, 584), (281, 508), (288, 528), (288, 765), (322, 458), (322, 740), (330, 430), (349, 482), (352, 659), (352, 778), (365, 518), (365, 549), (388, 728), (388, 463), (411, 734), (417, 485), (430, 911), (430, 959), (458, 820), (463, 984), (463, 838), (475, 957), (475, 810), (477, 813), (482, 967), (482, 864), (484, 838), (484, 932), (485, 848), (485, 975), (489, 848), (489, 801), (508, 958), (508, 838), (512, 911), (518, 820), (522, 965), (522, 853), (528, 801), (528, 982), (541, 984), (541, 810), (549, 810), (584, 914), (584, 838), (589, 886), (623, 812), (623, 951), (631, 957), (631, 886), (675, 810), (675, 813), (695, 957), (695, 897), (699, 958), (701, 846), (701, 832), (730, 810), (730, 832), (734, 935), (739, 886), (740, 958), (740, 960), (765, 810), (769, 813), (774, 958), (774, 965), (778, 881), (778, 846), (812, 987), (813, 980), (813, 978), (832, 980), (838, 978), (853, 980), (864, 982), (881, 987), (886, 974), (897, 988), (897, 987), (898, 982), (898, 978), (910, 988), (910, 982), (914, 987), (915, 987), (915, 975), (935, 987), (935, 984), (951, 978), (959, 980), (959, 982), (965, 975), (965, 982), (967, 984), (967, 982), (978, 987), (982, 988), (987, 988)]
	Crossbar: 16
	Rows: 92
	Columns: 101
	Nodes: [17, 33, 35, 47, 48, 67, 74, 80, 82, 84, 91, 94, 106, 112, 117, 137, 149, 150, 173, 180, 181, 183, 189, 202, 203, 210, 216, 226, 234, 239, 246, 249, 265, 275, 276, 281, 293, 302, 317, 321, 333, 345, 355, 363, 373, 385, 386, 421, 422, 428, 462, 531, 548, 552, 557, 598, 602, 608, 609, 617, 629, 632, 642, 646, 655, 697, 699, 710, 738, 743, 747, 749, 773, 783, 826, 839, 841, 842, 843, 855, 874, 895, 927, 929, 933, 935, 939, 953, 954, 975, 978, 988]
	Edges: [(17, 47), (17, 35), (33, 91), (35, 67), (35, 74), (47, 84), (48, 106), (48, 82), (67, 189), (74, 216), (74, 988), (80, 137), (80, 988), (82, 203), (84, 181), (84, 210), (91, 173), (91, 117), (94, 988), (106, 183), (106, 202), (112, 149), (112, 180), (117, 293), (137, 363), (149, 239), (149, 249), (150, 333), (173, 421), (173, 428), (180, 386), (181, 281), (181, 234), (189, 226), (202, 302), (202, 275), (203, 355), (203, 276), (210, 317), (210, 385), (234, 552), (234, 783), (239, 933), (246, 743), (249, 710), (265, 602), (275, 655), (293, 738), (317, 783), (317, 531), (321, 598), (333, 548), (333, 646), (345, 552), (345, 629), (363, 747), (373, 699), (421, 773), (422, 609), (428, 749), (428, 697), (462, 975), (531, 842), (531, 895), (548, 895), (552, 839), (557, 841), (557, 843), (598, 874), (598, 855), (602, 953), (602, 855), (608, 826), (609, 843), (609, 855), (617, 839), (629, 842), (629, 839), (632, 929), (632, 939), (642, 895), (642, 826), (646, 895), (646, 929), (697, 929), (697, 927), (699, 895), (710, 933), (710, 935), (743, 935), (743, 954), (747, 843), (747, 895), (773, 933), (783, 842), (783, 841), (839, 978), (841, 975), (855, 975), (927, 978), (929, 975)]
	Crossbar: 17
	Rows: 60
	Columns: 65
	Nodes: [83, 98, 125, 127, 205, 282, 287, 305, 308, 350, 407, 415, 424, 503, 525, 526, 558, 562, 581, 587, 596, 613, 634, 640, 647, 685, 711, 712, 714, 719, 735, 749, 773, 797, 845, 849, 850, 851, 859, 860, 869, 871, 873, 874, 909, 914, 915, 916, 919, 936, 937, 963, 972, 973, 976, 982, 983, 984, 986, 987]
	Edges: [(83, 127), (98, 205), (125, 424), (127, 305), (127, 350), (205, 282), (282, 634), (282, 640), (287, 719), (305, 773), (308, 558), (350, 503), (350, 562), (407, 581), (415, 526), (424, 712), (424, 613), (525, 983), (525, 963), (526, 919), (526, 851), (558, 873), (558, 859), (562, 936), (581, 915), (581, 986), (587, 874), (587, 845), (596, 873), (613, 873), (634, 850), (634, 915), (640, 797), (640, 919), (647, 859), (685, 869), (711, 937), (712, 871), (712, 859), (714, 916), (714, 973), (719, 919), (719, 987), (735, 849), (735, 973), (749, 871), (749, 873), (850, 983), (851, 984), (860, 984), (869, 987), (869, 982), (873, 976), (874, 984), (909, 983), (914, 976), (916, 982), (936, 983), (937, 982), (937, 984), (963, 982), (972, 987), (973, 983), (973, 982), (982, 986)]
