Benchmark: apex5
Inputs: 117
Outputs: 88
BDD type: SBDD
BDD construct time (s): 0.4812178611755371
	Output variables: f0, f1, f2, f3, f4, f5, f6, f7, f8, f9, f10, f11, f12, f13, f14, f15, f16, f17, f18, f19, f20, f21, f22, f23, f24, f25, f26, f27, f28, f29, f30, f31, f32, f33, f34, f35, f36, f37, f38, f39, f40, f41, f42, f43, f44, f45, f46, f47, f48, f49, f50, f51, f52, f53, f54, f55, f56, f57, f58, f59, f60, f61, f62, f63, f64, f65, f66, f67, f68, f69, f70, f71, f72, f73, f74, f75, f76, f77, f78, f79, f80, f81, f82, f83, f84, f85, f86, f87
	Nodes: 1259
	Edges: 2514
	BDD show time (s): 0.08775210380554199
Partition alpha: 0.5
Partition D: 128
Partition K: 23
Partition ILP time (s): 3605.408779144287
Partition status: Optimal
Partition objective S: 914.0
N: 23
I: 1805
Roots: [0, 1, 2, 3, 4, 5, 6, 7, 8, 9, 10, 11, 12, 13, 14, 15, 16, 17, 18, 19, 20, 21, 22, 23, 123, 124, 125, 126, 127, 128, 129, 130, 131, 132, 135, 138, 139, 140, 141, 143, 144, 145, 147, 148, 149, 153, 154, 155, 156, 158, 159, 160, 161, 162, 164, 165, 166, 167, 168, 170, 171, 172, 174, 175, 178, 179, 180, 181, 183, 184, 185, 186, 187, 188, 189, 190, 191, 192, 193, 875, 1207, 1208, 1253, 1255, 1256, 1258]
Terminal: [1257]
Gap (%): 30.16
	Crossbar: 0
	Rows: 117
	Columns: 128
	Nodes: [7, 46, 257, 259, 293, 295, 304, 307, 308, 315, 318, 319, 321, 324, 325, 327, 329, 330, 334, 341, 343, 353, 356, 362, 365, 366, 371, 376, 377, 380, 381, 385, 388, 392, 393, 398, 399, 401, 402, 405, 406, 408, 409, 410, 417, 439, 440, 442, 443, 449, 453, 454, 458, 460, 464, 467, 472, 473, 474, 479, 480, 483, 485, 488, 489, 490, 491, 492, 493, 497, 504, 517, 525, 527, 534, 547, 550, 554, 555, 562, 577, 580, 581, 589, 611, 664, 677, 738, 780, 816, 876, 878, 881, 885, 892, 893, 896, 901, 906, 908, 910, 916, 934, 940, 944, 968, 1024, 1102, 1135, 1209, 1217, 1218, 1220, 1226, 1229, 1250, 1252]
	Edges: [(7, 46), (7, 968), (46, 968), (257, 325), (259, 327), (293, 393), (295, 365), (304, 376), (307, 380), (308, 381), (315, 408), (318, 392), (319, 1218), (319, 353), (321, 341), (324, 398), (325, 885), (325, 399), (327, 1252), (327, 401), (329, 406), (329, 1229), (330, 916), (330, 402), (334, 876), (334, 405), (341, 1209), (341, 417), (343, 1102), (343, 458), (353, 474), (353, 1218), (356, 1024), (356, 472), (362, 492), (362, 1220), (365, 896), (365, 442), (366, 878), (366, 443), (371, 449), (376, 893), (376, 453), (377, 934), (377, 454), (380, 738), (380, 491), (381, 910), (381, 460), (385, 906), (385, 464), (388, 908), (388, 467), (392, 892), (392, 473), (393, 440), (393, 1217), (398, 940), (398, 479), (399, 885), (399, 480), (401, 1252), (401, 483), (402, 916), (402, 485), (405, 876), (405, 488), (406, 1229), (406, 489), (408, 1226), (408, 490), (409, 881), (409, 493), (410, 1135), (410, 439), (417, 1209), (417, 497), (439, 1135), (440, 1217), (440, 525), (442, 896), (443, 878), (443, 527), (449, 901), (449, 534), (453, 893), (454, 934), (458, 1102), (460, 910), (460, 550), (464, 906), (464, 554), (467, 908), (472, 517), (472, 1024), (473, 892), (473, 504), (474, 1218), (474, 562), (479, 940), (479, 555), (480, 885), (483, 1252), (485, 916), (485, 547), (488, 876), (488, 577), (489, 1229), (489, 580), (490, 1226), (490, 581), (491, 738), (492, 1220), (493, 881), (497, 1209), (517, 1024), (517, 611), (534, 664), (550, 677), (589, 816), (611, 1024), (611, 780), (664, 901), (677, 910), (816, 944), (816, 1209), (881, 1250), (1217, 1250)]
	Crossbar: 1
	Rows: 102
	Columns: 127
	Nodes: [0, 40, 48, 87, 106, 115, 122, 125, 126, 129, 130, 131, 134, 149, 152, 153, 158, 160, 178, 188, 189, 192, 194, 195, 198, 203, 206, 219, 241, 245, 251, 254, 255, 256, 257, 261, 262, 267, 272, 275, 306, 310, 315, 317, 321, 323, 324, 329, 330, 333, 338, 352, 357, 382, 385, 391, 396, 407, 410, 427, 431, 433, 456, 459, 462, 501, 515, 539, 543, 568, 635, 640, 673, 682, 704, 707, 758, 759, 765, 841, 842, 857, 885, 900, 906, 916, 927, 940, 1120, 1135, 1194, 1209, 1210, 1214, 1216, 1221, 1223, 1226, 1229, 1230, 1232, 1250]
	Edges: [(0, 40), (0, 1120), (40, 48), (40, 1120), (48, 87), (48, 1120), (87, 106), (87, 1120), (106, 1120), (106, 707), (115, 152), (122, 134), (125, 254), (125, 1209), (126, 261), (126, 916), (129, 262), (129, 1210), (130, 256), (130, 940), (131, 251), (131, 704), (134, 257), (134, 885), (149, 241), (149, 1223), (152, 245), (152, 906), (153, 198), (153, 1135), (158, 255), (158, 1221), (160, 206), (160, 1216), (178, 195), (178, 1226), (188, 203), (188, 900), (189, 194), (189, 1229), (192, 219), (192, 1230), (194, 1229), (194, 329), (195, 1226), (195, 315), (198, 1135), (198, 267), (203, 900), (203, 272), (206, 1216), (206, 275), (219, 1230), (219, 333), (241, 1223), (241, 306), (245, 906), (245, 310), (251, 704), (251, 317), (254, 1209), (254, 321), (255, 1221), (255, 323), (256, 940), (256, 324), (257, 885), (261, 916), (261, 330), (262, 1210), (267, 1135), (267, 410), (272, 900), (272, 338), (275, 1216), (275, 382), (306, 1223), (306, 396), (310, 906), (310, 385), (315, 1226), (317, 704), (317, 391), (321, 357), (323, 1221), (323, 407), (324, 940), (333, 352), (333, 1230), (352, 1230), (352, 427), (357, 431), (357, 433), (382, 459), (382, 462), (396, 456), (396, 1223), (427, 1230), (431, 1209), (431, 515), (433, 539), (456, 1223), (456, 543), (459, 1216), (462, 568), (462, 501), (501, 635), (501, 640), (543, 1223), (673, 842), (682, 841), (758, 1232), (758, 1210), (759, 1210), (765, 1232), (841, 1229), (841, 927), (842, 1221), (842, 927), (857, 1221), (1194, 1250), (1214, 1250), (1216, 1250), (1223, 1250), (1226, 1250), (1229, 1250), (1230, 1250)]
	Crossbar: 2
	Rows: 100
	Columns: 121
	Nodes: [15, 31, 127, 133, 136, 142, 143, 144, 147, 148, 159, 161, 163, 164, 166, 169, 174, 175, 181, 183, 197, 205, 207, 213, 220, 221, 222, 229, 230, 231, 233, 235, 239, 240, 246, 247, 248, 249, 266, 274, 276, 281, 286, 287, 294, 295, 296, 298, 300, 304, 305, 312, 313, 314, 320, 349, 356, 364, 366, 369, 371, 377, 384, 386, 387, 395, 397, 409, 418, 453, 461, 477, 481, 529, 542, 551, 566, 814, 835, 878, 881, 885, 893, 896, 901, 908, 934, 972, 1024, 1043, 1076, 1112, 1166, 1184, 1212, 1214, 1219, 1225, 1227, 1251]
	Edges: [(15, 31), (15, 133), (31, 133), (127, 248), (127, 972), (133, 231), (133, 878), (136, 235), (136, 901), (142, 239), (143, 230), (143, 896), (144, 240), (144, 934), (147, 247), (147, 1212), (148, 207), (148, 1219), (159, 205), (159, 1112), (161, 221), (161, 1214), (163, 197), (163, 881), (164, 249), (164, 908), (166, 213), (166, 1076), (169, 229), (169, 1251), (174, 222), (174, 1024), (175, 246), (175, 1225), (181, 220), (181, 1227), (183, 233), (183, 1043), (197, 881), (197, 266), (205, 1112), (205, 274), (207, 1219), (207, 276), (213, 1076), (213, 281), (220, 1227), (220, 320), (221, 1214), (221, 287), (222, 1024), (222, 286), (229, 1251), (229, 294), (230, 896), (230, 295), (231, 878), (231, 296), (233, 1043), (233, 298), (235, 901), (235, 300), (239, 893), (239, 304), (240, 934), (240, 305), (246, 1225), (246, 313), (247, 1212), (248, 972), (248, 312), (249, 908), (249, 314), (266, 881), (266, 409), (274, 1112), (276, 1219), (276, 395), (281, 1076), (281, 349), (286, 1024), (286, 356), (287, 384), (287, 397), (294, 1251), (294, 364), (295, 896), (296, 878), (296, 366), (298, 1043), (298, 369), (300, 901), (300, 371), (304, 893), (305, 934), (305, 377), (312, 972), (312, 387), (313, 386), (313, 1225), (314, 908), (369, 1043), (369, 481), (371, 901), (384, 1214), (384, 461), (395, 418), (397, 477), (418, 1219), (453, 542), (461, 1214), (461, 551), (477, 1214), (477, 566), (481, 529), (481, 1043), (814, 934), (835, 1227), (885, 1251), (1024, 1184), (1024, 1166)]
	Crossbar: 3
	Rows: 92
	Columns: 124
	Nodes: [11, 13, 16, 19, 26, 28, 30, 34, 63, 116, 140, 141, 151, 155, 156, 157, 162, 177, 185, 191, 193, 200, 209, 210, 216, 228, 232, 236, 242, 258, 269, 277, 278, 284, 293, 297, 301, 307, 326, 335, 343, 344, 368, 373, 378, 394, 400, 421, 428, 444, 446, 455, 458, 475, 487, 503, 512, 536, 537, 572, 633, 646, 690, 696, 720, 738, 813, 860, 944, 980, 986, 988, 1018, 1029, 1055, 1063, 1064, 1085, 1093, 1102, 1104, 1111, 1124, 1151, 1171, 1176, 1194, 1213, 1217, 1241, 1243, 1248]
	Edges: [(11, 26), (11, 177), (13, 28), (13, 720), (16, 30), (16, 1104), (19, 34), (19, 157), (26, 177), (28, 720), (30, 63), (30, 1104), (34, 157), (63, 1104), (116, 720), (116, 696), (140, 258), (140, 1151), (141, 228), (141, 1217), (151, 232), (151, 944), (155, 200), (155, 1124), (156, 216), (156, 1213), (162, 209), (162, 1102), (185, 236), (185, 986), (191, 242), (191, 738), (193, 210), (193, 1248), (200, 1124), (200, 269), (209, 1102), (209, 277), (210, 1248), (210, 278), (216, 1213), (216, 284), (228, 1217), (228, 293), (232, 944), (232, 297), (236, 986), (236, 301), (242, 738), (242, 307), (258, 1151), (258, 326), (269, 1124), (269, 335), (277, 1102), (277, 343), (278, 1248), (278, 344), (284, 378), (284, 394), (293, 1217), (297, 944), (297, 368), (301, 986), (301, 373), (307, 738), (326, 1151), (326, 400), (335, 1124), (335, 446), (344, 1248), (344, 421), (368, 944), (368, 444), (373, 986), (373, 487), (378, 1213), (378, 455), (394, 475), (400, 1151), (400, 428), (421, 1248), (421, 537), (428, 572), (428, 1151), (444, 944), (446, 1124), (458, 503), (475, 512), (487, 536), (487, 986), (503, 1102), (503, 646), (512, 633), (537, 690), (537, 1248), (633, 860), (633, 1213), (646, 813), (646, 1102), (696, 720), (813, 1241), (980, 988), (980, 1064), (988, 1018), (988, 1064), (1018, 1029), (1018, 1064), (1029, 1055), (1029, 1064), (1055, 1063), (1055, 1064), (1063, 1104), (1064, 1085), (1085, 1093), (1085, 1104), (1093, 1111), (1093, 1104), (1102, 1171), (1124, 1194), (1124, 1176), (1171, 1241), (1176, 1243), (1194, 1243)]
	Crossbar: 4
	Rows: 89
	Columns: 124
	Nodes: [62, 63, 77, 78, 110, 142, 168, 173, 215, 283, 390, 459, 468, 471, 484, 509, 542, 543, 546, 559, 560, 568, 572, 573, 576, 612, 613, 625, 634, 635, 636, 640, 642, 649, 653, 656, 657, 668, 669, 676, 688, 690, 707, 716, 744, 755, 761, 779, 780, 783, 785, 793, 800, 801, 803, 804, 805, 807, 809, 821, 822, 824, 827, 844, 863, 868, 884, 893, 894, 937, 940, 960, 966, 995, 1005, 1033, 1041, 1104, 1116, 1151, 1205, 1213, 1215, 1216, 1223, 1224, 1238, 1246, 1248]
	Edges: [(62, 77), (62, 173), (63, 78), (77, 110), (77, 173), (78, 1104), (110, 173), (110, 142), (142, 893), (168, 215), (168, 1215), (215, 1215), (215, 283), (283, 1215), (283, 390), (390, 468), (390, 471), (459, 546), (468, 1215), (468, 559), (471, 576), (471, 509), (484, 573), (509, 649), (509, 653), (542, 688), (542, 669), (543, 636), (546, 1216), (546, 642), (559, 1215), (559, 656), (560, 1213), (560, 657), (568, 1216), (568, 612), (572, 1151), (572, 613), (573, 1224), (573, 676), (576, 1215), (576, 625), (612, 803), (612, 804), (613, 779), (613, 1151), (625, 821), (625, 822), (634, 1213), (635, 807), (635, 809), (636, 1223), (636, 800), (640, 868), (640, 1216), (642, 1216), (642, 863), (649, 824), (649, 827), (653, 761), (653, 1215), (656, 1215), (656, 755), (657, 1213), (668, 805), (668, 960), (669, 805), (669, 893), (676, 1224), (676, 844), (688, 785), (688, 793), (690, 783), (690, 1248), (707, 716), (707, 1116), (716, 744), (716, 1116), (744, 966), (744, 1116), (755, 1223), (755, 1215), (761, 960), (761, 1215), (779, 1246), (779, 1205), (780, 1238), (780, 1205), (783, 1248), (783, 1205), (785, 893), (793, 893), (793, 937), (800, 1223), (801, 1213), (803, 1246), (803, 1216), (804, 1238), (804, 1216), (805, 960), (807, 1248), (807, 1216), (809, 884), (809, 1216), (821, 1215), (822, 1215), (824, 940), (824, 1215), (827, 894), (827, 1215), (844, 1224), (844, 1205), (863, 1224), (863, 1216), (868, 1216), (966, 995), (966, 1116), (995, 1005), (995, 1116), (1005, 1033), (1005, 1116), (1033, 1041), (1033, 1116), (1041, 1116)]
	Crossbar: 5
	Rows: 78
	Columns: 117
	Nodes: [10, 14, 25, 29, 62, 135, 170, 173, 179, 218, 225, 227, 259, 285, 290, 292, 351, 360, 455, 466, 541, 580, 634, 657, 682, 782, 785, 788, 789, 797, 810, 856, 857, 860, 893, 895, 897, 899, 901, 902, 906, 907, 920, 921, 923, 925, 926, 928, 931, 933, 935, 937, 939, 941, 943, 944, 946, 947, 948, 950, 951, 952, 954, 955, 956, 958, 959, 960, 987, 1009, 1061, 1170, 1188, 1213, 1229, 1250, 1252, 1255]
	Edges: [(10, 25), (10, 987), (14, 29), (14, 173), (25, 987), (29, 62), (29, 173), (135, 259), (135, 1252), (170, 218), (170, 1061), (173, 225), (173, 960), (179, 227), (179, 1009), (218, 1061), (218, 285), (225, 960), (225, 290), (227, 1009), (227, 292), (259, 1252), (285, 1061), (285, 351), (290, 960), (290, 360), (292, 1009), (351, 466), (455, 1213), (455, 541), (466, 1061), (541, 1213), (541, 634), (580, 1229), (580, 682), (634, 856), (657, 857), (682, 1229), (782, 899), (785, 895), (788, 925), (789, 931), (797, 906), (797, 907), (810, 906), (810, 920), (856, 1229), (856, 1213), (857, 1213), (860, 952), (860, 1213), (893, 960), (893, 941), (895, 960), (895, 939), (897, 956), (897, 935), (899, 956), (899, 933), (901, 952), (901, 928), (902, 952), (902, 926), (906, 948), (906, 923), (907, 948), (907, 921), (920, 948), (920, 923), (921, 947), (921, 946), (923, 947), (923, 946), (925, 952), (925, 928), (926, 951), (926, 950), (928, 951), (928, 950), (931, 956), (931, 935), (933, 955), (933, 954), (935, 955), (935, 954), (937, 960), (937, 941), (939, 959), (939, 958), (941, 959), (941, 958), (943, 944), (943, 1250), (944, 1250), (946, 1250), (946, 948), (947, 948), (947, 1250), (948, 1250), (950, 1250), (950, 952), (951, 952), (951, 1250), (954, 1250), (954, 956), (955, 956), (955, 1250), (956, 1250), (958, 1250), (958, 960), (959, 960), (959, 1250), (960, 1250), (1009, 1188), (1009, 1170), (1213, 1250), (1252, 1255)]
	Crossbar: 6
	Rows: 36
	Columns: 42
	Nodes: [36, 69, 84, 101, 187, 201, 271, 337, 411, 447, 467, 491, 499, 530, 531, 544, 554, 587, 632, 637, 655, 680, 689, 695, 700, 730, 738, 792, 797, 810, 837, 858, 904, 906, 908, 948]
	Edges: [(36, 69), (69, 84), (69, 700), (84, 101), (84, 700), (101, 700), (101, 695), (187, 201), (187, 904), (201, 904), (201, 271), (271, 904), (271, 337), (337, 904), (337, 411), (411, 904), (411, 531), (447, 530), (467, 499), (491, 544), (499, 655), (499, 908), (530, 948), (530, 632), (531, 689), (531, 904), (544, 738), (544, 637), (554, 587), (554, 680), (587, 797), (587, 810), (632, 837), (632, 948), (637, 738), (637, 792), (655, 908), (680, 837), (680, 906), (689, 904), (689, 858), (695, 730)]
	Crossbar: 7
	Rows: 82
	Columns: 110
	Nodes: [91, 111, 502, 593, 596, 599, 620, 629, 655, 658, 662, 663, 678, 692, 711, 790, 794, 805, 811, 820, 821, 825, 826, 829, 830, 831, 833, 834, 837, 845, 850, 858, 859, 862, 864, 875, 876, 877, 879, 880, 882, 886, 887, 890, 892, 896, 900, 904, 908, 910, 911, 912, 913, 914, 915, 916, 917, 918, 919, 924, 930, 932, 936, 938, 940, 942, 943, 944, 948, 1095, 1199, 1201, 1202, 1210, 1218, 1244, 1245, 1247, 1248, 1250, 1253, 1257]
	Edges: [(91, 111), (91, 1095), (111, 1095), (111, 711), (502, 658), (593, 850), (596, 830), (599, 864), (620, 859), (629, 790), (655, 825), (658, 886), (658, 831), (662, 833), (663, 1218), (663, 834), (678, 845), (692, 862), (790, 879), (790, 880), (794, 911), (805, 938), (811, 1244), (820, 1218), (820, 1210), (821, 1245), (825, 908), (825, 912), (826, 1244), (826, 932), (829, 932), (830, 948), (830, 1210), (831, 886), (831, 1201), (833, 892), (833, 936), (834, 1218), (834, 919), (837, 948), (837, 919), (845, 876), (845, 877), (850, 916), (850, 913), (858, 904), (858, 918), (859, 1245), (859, 938), (862, 900), (862, 924), (864, 940), (864, 938), (875, 1257), (875, 882), (876, 1250), (876, 887), (877, 1250), (877, 1202), (879, 890), (880, 1250), (880, 1199), (882, 1257), (886, 1257), (886, 1247), (887, 1250), (890, 1250), (892, 1257), (892, 1247), (896, 1257), (896, 1247), (900, 1257), (900, 1247), (904, 1257), (904, 1247), (908, 1257), (908, 1247), (910, 944), (910, 917), (911, 944), (911, 915), (912, 1257), (912, 1247), (913, 1250), (914, 944), (914, 917), (915, 943), (915, 942), (916, 1250), (917, 943), (917, 942), (918, 1257), (918, 1247), (919, 1250), (924, 1257), (924, 1247), (930, 1257), (930, 1247), (932, 1250), (936, 1257), (936, 1247), (938, 1250), (940, 1250), (942, 1250), (942, 944), (1199, 1250), (1202, 1250), (1248, 1253), (1250, 1257), (1253, 1257)]
	Crossbar: 8
	Rows: 86
	Columns: 124
	Nodes: [23, 28, 38, 50, 61, 71, 76, 80, 86, 89, 92, 97, 102, 112, 116, 119, 120, 124, 146, 163, 244, 309, 383, 494, 549, 696, 701, 705, 712, 714, 717, 720, 722, 723, 727, 730, 732, 737, 740, 742, 748, 962, 963, 965, 969, 970, 973, 976, 981, 984, 989, 992, 993, 994, 996, 1000, 1003, 1004, 1006, 1011, 1016, 1019, 1020, 1021, 1026, 1028, 1030, 1032, 1038, 1040, 1045, 1048, 1054, 1057, 1060, 1067, 1068, 1069, 1074, 1080, 1082, 1088, 1160, 1161, 1163, 1181]
	Edges: [(23, 38), (23, 1080), (28, 61), (38, 71), (38, 1080), (50, 89), (61, 76), (61, 720), (71, 86), (71, 1080), (76, 116), (76, 720), (80, 119), (80, 1028), (86, 102), (86, 1080), (89, 97), (89, 1045), (92, 112), (97, 1045), (97, 712), (102, 1080), (102, 705), (112, 163), (112, 120), (119, 1028), (119, 701), (120, 146), (120, 163), (124, 244), (124, 723), (244, 723), (244, 309), (309, 723), (309, 383), (383, 723), (383, 494), (494, 549), (494, 723), (696, 717), (701, 727), (701, 984), (705, 714), (705, 1068), (712, 722), (712, 994), (714, 742), (714, 1068), (717, 732), (717, 973), (720, 1181), (722, 748), (722, 994), (727, 737), (727, 984), (730, 740), (730, 1163), (732, 963), (732, 962), (737, 969), (737, 984), (740, 981), (740, 1163), (742, 965), (742, 1068), (748, 970), (748, 994), (962, 1160), (962, 1181), (963, 1181), (965, 992), (965, 1068), (969, 996), (969, 984), (970, 993), (970, 994), (973, 1161), (976, 1000), (981, 989), (981, 1163), (984, 1016), (984, 1028), (989, 1019), (989, 1163), (992, 1003), (992, 1068), (993, 1045), (994, 1054), (994, 1045), (996, 1006), (996, 1028), (1000, 1004), (1000, 1011), (1003, 1032), (1003, 1068), (1004, 1020), (1004, 1048), (1006, 1021), (1006, 1028), (1016, 1026), (1016, 1028), (1019, 1030), (1019, 1163), (1020, 1038), (1021, 1038), (1021, 1048), (1028, 1181), (1030, 1057), (1030, 1163), (1032, 1040), (1032, 1068), (1038, 1074), (1038, 1181), (1040, 1067), (1040, 1068), (1045, 1181), (1048, 1161), (1057, 1069), (1057, 1163), (1060, 1082), (1067, 1080), (1068, 1088), (1068, 1080), (1080, 1181)]
	Crossbar: 9
	Rows: 95
	Columns: 125
	Nodes: [1, 21, 36, 39, 49, 88, 123, 184, 208, 211, 279, 322, 342, 351, 372, 419, 423, 500, 506, 592, 618, 660, 700, 704, 738, 767, 791, 800, 812, 822, 823, 828, 846, 849, 851, 853, 855, 861, 871, 938, 972, 986, 1043, 1061, 1102, 1112, 1142, 1144, 1156, 1158, 1160, 1163, 1164, 1166, 1170, 1172, 1173, 1174, 1178, 1180, 1181, 1184, 1185, 1186, 1188, 1189, 1190, 1191, 1192, 1193, 1195, 1197, 1198, 1201, 1203, 1204, 1205, 1222, 1228, 1231, 1232, 1233, 1234, 1235, 1236, 1237, 1238, 1239, 1241, 1242, 1243, 1245, 1247, 1250, 1257]
	Edges: [(1, 39), (1, 1142), (21, 36), (21, 700), (36, 700), (39, 49), (39, 1142), (49, 88), (49, 1142), (123, 211), (123, 1222), (184, 208), (184, 1228), (208, 1228), (208, 322), (211, 1222), (211, 279), (279, 1222), (279, 372), (322, 342), (322, 1228), (342, 1228), (342, 419), (351, 1061), (372, 423), (372, 1222), (419, 1228), (419, 500), (423, 1222), (423, 506), (500, 1228), (500, 592), (592, 1228), (592, 853), (618, 861), (660, 851), (700, 1181), (704, 1190), (704, 1172), (738, 1195), (738, 1178), (767, 1241), (791, 1242), (791, 1203), (800, 938), (812, 1236), (822, 1237), (823, 1250), (828, 1236), (846, 1242), (849, 1231), (851, 1205), (855, 1203), (861, 1237), (861, 938), (871, 1231), (972, 1192), (972, 1174), (986, 1197), (1043, 1164), (1043, 1180), (1061, 1186), (1102, 1189), (1112, 1191), (1112, 1173), (1144, 1185), (1156, 1181), (1156, 1163), (1158, 1181), (1158, 1160), (1160, 1181), (1163, 1181), (1164, 1250), (1164, 1236), (1166, 1238), (1170, 1237), (1172, 1231), (1173, 1242), (1174, 1232), (1178, 1234), (1180, 1236), (1184, 1250), (1184, 1238), (1185, 1250), (1185, 1245), (1186, 1250), (1186, 1239), (1188, 1250), (1188, 1237), (1189, 1250), (1189, 1241), (1190, 1250), (1190, 1231), (1191, 1250), (1191, 1242), (1192, 1250), (1192, 1232), (1193, 1250), (1193, 1233), (1195, 1250), (1195, 1234), (1197, 1250), (1197, 1235), (1198, 1257), (1198, 1247), (1201, 1257), (1201, 1247), (1204, 1257), (1204, 1247), (1205, 1250), (1222, 1250), (1228, 1250), (1231, 1250), (1232, 1250), (1233, 1250), (1234, 1250), (1235, 1250), (1236, 1250), (1237, 1250), (1238, 1250), (1239, 1250), (1241, 1250), (1242, 1250), (1243, 1250), (1245, 1250)]
	Crossbar: 10
	Rows: 81
	Columns: 125
	Nodes: [165, 180, 250, 253, 316, 319, 389, 470, 502, 562, 663, 695, 886, 898, 974, 990, 1014, 1041, 1053, 1058, 1063, 1067, 1069, 1071, 1074, 1077, 1081, 1082, 1084, 1086, 1087, 1089, 1090, 1092, 1094, 1096, 1098, 1101, 1104, 1105, 1106, 1108, 1110, 1113, 1116, 1117, 1121, 1122, 1125, 1129, 1130, 1131, 1134, 1135, 1137, 1138, 1141, 1143, 1146, 1149, 1150, 1151, 1152, 1154, 1155, 1156, 1157, 1160, 1161, 1162, 1163, 1165, 1177, 1181, 1182, 1183, 1196, 1218, 1244, 1246, 1250]
	Edges: [(165, 250), (165, 886), (180, 253), (180, 1218), (250, 886), (250, 316), (253, 1218), (253, 319), (316, 886), (316, 389), (389, 886), (389, 470), (470, 886), (470, 502), (502, 886), (562, 1218), (562, 663), (695, 1162), (898, 1250), (974, 990), (990, 1014), (990, 1155), (1041, 1071), (1053, 1181), (1058, 1089), (1058, 1162), (1063, 1084), (1067, 1087), (1069, 1089), (1069, 1163), (1071, 1077), (1071, 1116), (1074, 1081), (1074, 1160), (1077, 1098), (1077, 1116), (1081, 1101), (1081, 1160), (1082, 1090), (1082, 1154), (1084, 1092), (1084, 1104), (1086, 1094), (1087, 1101), (1087, 1161), (1089, 1096), (1089, 1163), (1090, 1106), (1090, 1154), (1092, 1110), (1092, 1104), (1094, 1105), (1094, 1161), (1096, 1113), (1096, 1163), (1098, 1108), (1098, 1116), (1101, 1105), (1101, 1160), (1104, 1181), (1105, 1125), (1105, 1160), (1106, 1117), (1106, 1154), (1108, 1122), (1108, 1116), (1110, 1125), (1110, 1161), (1113, 1121), (1113, 1163), (1116, 1156), (1116, 1157), (1117, 1131), (1117, 1154), (1121, 1137), (1121, 1163), (1122, 1131), (1122, 1155), (1125, 1129), (1125, 1160), (1129, 1146), (1129, 1160), (1130, 1141), (1131, 1138), (1131, 1154), (1134, 1146), (1134, 1161), (1135, 1196), (1135, 1177), (1137, 1143), (1137, 1163), (1138, 1150), (1138, 1154), (1141, 1152), (1141, 1161), (1143, 1149), (1143, 1163), (1146, 1152), (1146, 1160), (1149, 1181), (1149, 1163), (1150, 1181), (1150, 1154), (1151, 1182), (1151, 1165), (1152, 1181), (1152, 1160), (1154, 1160), (1154, 1163), (1155, 1161), (1155, 1162), (1157, 1162), (1162, 1250), (1163, 1183), (1165, 1246), (1177, 1244), (1181, 1250), (1182, 1250), (1182, 1246), (1183, 1250), (1196, 1250), (1196, 1244), (1218, 1250), (1244, 1250), (1246, 1250)]
	Crossbar: 11
	Rows: 99
	Columns: 128
	Nodes: [31, 34, 57, 64, 67, 72, 79, 82, 96, 99, 115, 121, 133, 157, 176, 480, 497, 516, 519, 539, 540, 590, 591, 603, 629, 641, 644, 660, 671, 674, 675, 691, 697, 760, 784, 792, 806, 813, 815, 818, 840, 846, 848, 870, 871, 872, 874, 879, 882, 885, 894, 905, 909, 945, 949, 953, 957, 961, 1001, 1008, 1011, 1014, 1022, 1026, 1046, 1049, 1053, 1054, 1060, 1078, 1088, 1100, 1111, 1127, 1128, 1136, 1140, 1145, 1153, 1154, 1158, 1159, 1161, 1200, 1203, 1206, 1207, 1208, 1209, 1210, 1212, 1219, 1234, 1239, 1250, 1251, 1254, 1255, 1257]
	Edges: [(31, 64), (34, 67), (57, 72), (64, 79), (64, 133), (67, 82), (67, 157), (72, 96), (72, 1128), (79, 99), (79, 133), (82, 115), (82, 157), (96, 1128), (96, 697), (99, 133), (99, 121), (115, 157), (121, 176), (121, 133), (480, 519), (497, 590), (516, 1212), (516, 674), (519, 671), (519, 660), (539, 1209), (539, 691), (540, 629), (540, 675), (590, 806), (591, 1219), (591, 872), (603, 874), (629, 879), (641, 784), (644, 815), (660, 885), (671, 885), (671, 840), (674, 846), (674, 848), (675, 818), (675, 879), (691, 870), (691, 871), (760, 905), (760, 1210), (784, 1212), (792, 1234), (792, 1203), (806, 1209), (813, 1200), (815, 1200), (818, 1200), (840, 885), (840, 1206), (846, 1212), (848, 1234), (848, 1212), (870, 1239), (870, 1209), (871, 1209), (872, 1219), (872, 1200), (874, 909), (874, 1209), (879, 1250), (882, 945), (885, 1250), (894, 1250), (905, 1250), (909, 1250), (945, 1257), (945, 949), (949, 1257), (949, 953), (953, 1257), (953, 957), (957, 1257), (957, 961), (961, 1257), (961, 1254), (1001, 1008), (1001, 1011), (1008, 1053), (1008, 1046), (1014, 1022), (1014, 1154), (1022, 1049), (1022, 1154), (1026, 1053), (1026, 1046), (1046, 1159), (1049, 1060), (1049, 1154), (1053, 1158), (1054, 1158), (1054, 1159), (1060, 1154), (1078, 1100), (1088, 1158), (1088, 1159), (1100, 1158), (1100, 1159), (1111, 1158), (1111, 1159), (1127, 1145), (1136, 1158), (1136, 1159), (1140, 1153), (1145, 1158), (1145, 1159), (1153, 1158), (1153, 1159), (1159, 1161), (1200, 1250), (1203, 1250), (1206, 1251), (1206, 1250), (1207, 1250), (1208, 1250), (1209, 1250), (1212, 1250), (1219, 1250), (1251, 1254), (1254, 1257), (1255, 1257)]
	Crossbar: 12
	Rows: 96
	Columns: 127
	Nodes: [6, 45, 54, 93, 109, 118, 139, 212, 280, 348, 394, 469, 475, 520, 534, 560, 578, 585, 627, 630, 631, 638, 665, 683, 687, 698, 703, 708, 709, 710, 713, 718, 719, 725, 728, 733, 734, 736, 741, 745, 746, 770, 771, 772, 776, 782, 788, 789, 796, 798, 799, 811, 812, 814, 817, 897, 898, 901, 902, 927, 929, 963, 964, 967, 968, 973, 976, 977, 978, 991, 993, 997, 998, 1001, 1002, 1007, 1012, 1020, 1025, 1031, 1035, 1037, 1047, 1051, 1052, 1066, 1074, 1119, 1123, 1160, 1161, 1181, 1213, 1214, 1235, 1243]
	Edges: [(6, 45), (6, 736), (45, 54), (45, 736), (54, 93), (54, 736), (93, 118), (93, 736), (109, 708), (118, 736), (118, 709), (139, 212), (139, 929), (212, 929), (212, 280), (280, 929), (280, 348), (394, 469), (469, 1213), (469, 560), (475, 578), (520, 665), (534, 683), (578, 1213), (578, 627), (585, 638), (627, 796), (627, 798), (630, 771), (631, 770), (638, 811), (638, 812), (665, 814), (665, 817), (683, 776), (683, 788), (687, 782), (687, 789), (698, 725), (698, 1001), (703, 713), (703, 1119), (708, 718), (708, 1123), (709, 719), (709, 736), (710, 728), (713, 741), (713, 1119), (718, 745), (718, 1123), (719, 733), (719, 736), (725, 734), (725, 1001), (728, 746), (728, 977), (733, 963), (733, 973), (734, 976), (734, 1001), (736, 1181), (741, 964), (741, 1119), (745, 967), (745, 1123), (746, 978), (746, 977), (770, 1243), (770, 927), (771, 1235), (771, 927), (772, 929), (772, 927), (776, 901), (776, 902), (782, 897), (788, 901), (789, 897), (796, 1243), (796, 1213), (798, 1235), (798, 1213), (799, 929), (799, 1213), (811, 1214), (812, 1214), (814, 1214), (817, 898), (817, 1214), (963, 998), (964, 991), (964, 1119), (967, 997), (967, 1123), (968, 1181), (976, 1001), (977, 1160), (977, 1161), (978, 998), (978, 1161), (991, 1002), (991, 1119), (993, 1007), (997, 1123), (998, 1012), (998, 1160), (1002, 1031), (1002, 1119), (1007, 1025), (1007, 1051), (1012, 1035), (1012, 1160), (1020, 1037), (1025, 1052), (1025, 1051), (1035, 1047), (1035, 1160), (1037, 1160), (1037, 1181), (1047, 1074), (1047, 1160), (1051, 1160), (1051, 1161), (1052, 1074), (1052, 1161), (1066, 1181)]
	Crossbar: 13
	Rows: 99
	Columns: 127
	Nodes: [3, 42, 51, 90, 105, 122, 132, 157, 169, 202, 234, 270, 299, 336, 339, 412, 415, 425, 430, 433, 437, 439, 441, 446, 454, 483, 507, 514, 515, 523, 526, 535, 547, 555, 558, 561, 563, 564, 569, 571, 581, 583, 586, 589, 590, 593, 597, 599, 600, 603, 606, 608, 609, 610, 615, 617, 626, 631, 654, 659, 684, 694, 704, 753, 772, 784, 808, 819, 820, 826, 829, 832, 849, 851, 855, 865, 867, 873, 883, 913, 916, 919, 929, 934, 940, 948, 1124, 1135, 1200, 1204, 1209, 1210, 1217, 1226, 1227, 1249, 1250, 1251, 1252]
	Edges: [(3, 42), (3, 169), (42, 51), (42, 169), (51, 90), (51, 169), (90, 105), (90, 169), (105, 169), (105, 122), (122, 169), (132, 202), (132, 1249), (157, 234), (157, 948), (202, 1249), (202, 270), (234, 948), (234, 299), (270, 1249), (270, 336), (299, 948), (336, 1249), (336, 412), (339, 883), (339, 415), (412, 1249), (412, 558), (415, 883), (415, 535), (425, 929), (425, 564), (430, 514), (433, 571), (437, 523), (439, 583), (441, 526), (446, 586), (454, 569), (483, 563), (507, 597), (514, 1227), (514, 606), (515, 1209), (515, 609), (523, 1210), (523, 617), (526, 1251), (526, 654), (535, 694), (535, 883), (547, 593), (547, 916), (555, 599), (555, 940), (558, 600), (558, 1249), (561, 704), (561, 659), (563, 608), (563, 1252), (564, 610), (564, 929), (569, 615), (569, 934), (571, 603), (571, 589), (581, 1226), (581, 684), (583, 1135), (583, 626), (586, 1124), (586, 631), (589, 1209), (590, 1209), (593, 916), (597, 1210), (597, 819), (599, 940), (600, 753), (600, 1249), (603, 873), (606, 1227), (606, 867), (608, 855), (608, 1252), (609, 1209), (609, 808), (610, 772), (610, 929), (615, 829), (615, 934), (617, 1210), (617, 820), (626, 826), (626, 1135), (631, 1124), (654, 851), (654, 1251), (659, 704), (659, 849), (684, 1226), (684, 832), (694, 883), (694, 865), (753, 1249), (753, 1200), (784, 1252), (808, 1217), (808, 1209), (819, 1226), (819, 1210), (829, 934), (832, 1226), (832, 919), (849, 913), (851, 1251), (855, 1252), (865, 883), (865, 1204), (867, 1227), (867, 1200), (873, 916), (873, 1209), (929, 1250), (934, 1250), (1227, 1250)]
	Crossbar: 14
	Rows: 93
	Columns: 119
	Nodes: [5, 44, 53, 78, 92, 98, 100, 163, 444, 466, 486, 505, 510, 512, 525, 527, 528, 529, 536, 549, 553, 574, 602, 619, 621, 623, 624, 630, 641, 644, 647, 650, 661, 677, 681, 699, 702, 711, 721, 723, 726, 729, 735, 739, 747, 773, 774, 778, 786, 787, 799, 801, 806, 815, 847, 852, 878, 884, 888, 903, 913, 944, 971, 979, 980, 982, 985, 986, 999, 1013, 1017, 1027, 1043, 1044, 1058, 1059, 1061, 1064, 1072, 1104, 1156, 1157, 1168, 1175, 1179, 1193, 1212, 1217, 1225, 1233, 1235, 1239, 1250]
	Edges: [(5, 44), (5, 163), (44, 53), (44, 163), (53, 92), (53, 163), (78, 100), (92, 163), (98, 699), (100, 1104), (100, 702), (444, 528), (466, 510), (486, 574), (505, 641), (505, 621), (510, 1061), (510, 661), (512, 650), (525, 1217), (525, 619), (527, 878), (527, 602), (528, 944), (528, 623), (529, 1043), (529, 624), (536, 986), (536, 630), (549, 723), (549, 644), (553, 1225), (553, 647), (574, 1212), (574, 681), (619, 1217), (619, 778), (621, 852), (621, 1212), (623, 787), (623, 944), (624, 1043), (630, 986), (641, 786), (644, 723), (647, 1225), (647, 773), (650, 799), (650, 801), (661, 847), (661, 1061), (677, 787), (681, 1212), (681, 774), (699, 726), (699, 1059), (702, 729), (702, 1064), (711, 721), (711, 1072), (721, 747), (721, 1072), (723, 1193), (723, 1175), (726, 735), (726, 1059), (729, 739), (729, 1064), (735, 979), (735, 1059), (739, 980), (739, 1064), (747, 971), (747, 1072), (773, 1225), (773, 913), (778, 1217), (778, 913), (786, 888), (786, 1212), (787, 944), (787, 913), (801, 903), (806, 1225), (815, 1233), (847, 1239), (847, 913), (852, 878), (852, 1212), (878, 1250), (884, 1250), (888, 1250), (903, 1250), (971, 999), (971, 1072), (979, 985), (979, 1059), (982, 1156), (982, 1157), (985, 1017), (985, 1059), (986, 1179), (999, 1013), (999, 1072), (1013, 1072), (1017, 1027), (1017, 1059), (1027, 1044), (1027, 1059), (1044, 1058), (1044, 1059), (1059, 1156), (1059, 1157), (1061, 1168), (1064, 1104), (1168, 1239), (1175, 1233), (1179, 1235), (1225, 1250)]
	Crossbar: 15
	Rows: 21
	Columns: 23
	Nodes: [25, 58, 74, 113, 314, 388, 438, 442, 565, 567, 616, 622, 706, 775, 781, 889, 896, 930, 987, 1181, 1198]
	Edges: [(25, 58), (58, 74), (58, 987), (74, 113), (74, 987), (113, 987), (113, 706), (314, 388), (438, 565), (442, 567), (565, 616), (565, 889), (567, 622), (567, 896), (616, 889), (616, 775), (622, 896), (622, 781), (775, 889), (775, 1198), (781, 896), (781, 930), (987, 1181)]
	Crossbar: 16
	Rows: 52
	Columns: 73
	Nodes: [2, 26, 41, 50, 59, 73, 107, 136, 171, 177, 223, 260, 288, 346, 358, 367, 434, 445, 484, 495, 508, 518, 548, 579, 594, 596, 639, 652, 664, 672, 706, 715, 743, 756, 758, 764, 791, 843, 919, 927, 952, 974, 982, 1045, 1076, 1112, 1169, 1187, 1210, 1224, 1240, 1250]
	Edges: [(2, 41), (2, 1045), (26, 59), (41, 50), (41, 1045), (50, 1045), (59, 73), (59, 177), (73, 107), (73, 177), (107, 177), (107, 136), (171, 260), (171, 1224), (177, 223), (177, 952), (223, 952), (223, 288), (260, 1224), (288, 952), (288, 358), (346, 484), (346, 1224), (358, 952), (358, 434), (367, 445), (434, 952), (434, 518), (445, 548), (445, 579), (484, 1224), (495, 1112), (495, 639), (508, 1076), (508, 652), (518, 952), (518, 672), (548, 1210), (548, 594), (579, 596), (594, 756), (594, 758), (596, 1210), (639, 791), (639, 1112), (652, 764), (652, 1076), (664, 843), (672, 843), (672, 952), (706, 715), (706, 982), (715, 743), (715, 982), (743, 974), (743, 982), (756, 1240), (756, 1210), (764, 1240), (764, 919), (843, 952), (843, 927), (927, 1250), (952, 1250), (974, 982), (1076, 1187), (1076, 1169), (1169, 1240), (1187, 1250), (1187, 1240), (1210, 1250), (1224, 1250), (1240, 1250)]
	Crossbar: 17
	Rows: 20
	Columns: 28
	Nodes: [138, 154, 190, 204, 217, 226, 273, 291, 749, 750, 751, 762, 823, 838, 883, 889, 1247, 1249, 1256, 1257]
	Edges: [(138, 226), (138, 889), (154, 217), (154, 750), (190, 204), (190, 883), (204, 883), (204, 273), (217, 749), (217, 751), (226, 889), (226, 291), (273, 883), (291, 889), (749, 1257), (749, 823), (750, 1257), (751, 762), (762, 1257), (762, 1247), (838, 1249), (883, 1257), (883, 1247), (889, 1257), (889, 1247), (1247, 1257), (1249, 1256), (1256, 1257)]
	Crossbar: 18
	Rows: 78
	Columns: 116
	Nodes: [12, 20, 22, 27, 35, 37, 60, 68, 70, 75, 83, 85, 98, 103, 108, 145, 167, 182, 224, 252, 263, 289, 318, 332, 359, 397, 404, 427, 432, 435, 482, 504, 506, 511, 520, 521, 538, 551, 566, 575, 585, 598, 604, 620, 624, 643, 645, 662, 667, 670, 679, 687, 697, 703, 724, 731, 752, 754, 757, 763, 828, 866, 869, 892, 897, 932, 956, 975, 983, 1066, 1114, 1144, 1148, 1167, 1214, 1222, 1230, 1245]
	Edges: [(12, 27), (12, 182), (20, 35), (20, 1066), (22, 37), (22, 1148), (27, 60), (27, 182), (35, 68), (35, 1066), (37, 70), (37, 1148), (60, 75), (60, 182), (68, 83), (68, 1066), (70, 85), (70, 1148), (75, 108), (75, 182), (83, 98), (83, 1066), (85, 103), (85, 1148), (98, 1066), (103, 1148), (103, 703), (108, 182), (145, 263), (145, 1144), (167, 252), (167, 892), (182, 224), (182, 956), (224, 956), (224, 289), (252, 892), (252, 318), (263, 1144), (263, 332), (289, 956), (289, 359), (318, 892), (332, 1144), (332, 404), (359, 956), (359, 435), (397, 482), (404, 1144), (404, 432), (427, 511), (432, 575), (432, 1144), (435, 956), (435, 521), (482, 585), (482, 520), (504, 662), (504, 892), (506, 1222), (506, 598), (511, 1230), (511, 604), (520, 643), (521, 956), (521, 679), (538, 687), (538, 667), (551, 1214), (551, 645), (566, 1214), (566, 670), (575, 1144), (575, 620), (585, 1214), (598, 1222), (598, 757), (604, 1230), (604, 754), (620, 1144), (624, 828), (643, 752), (643, 1214), (645, 1214), (645, 866), (662, 892), (667, 763), (667, 897), (670, 1214), (670, 869), (679, 763), (679, 956), (697, 724), (697, 1114), (724, 731), (724, 1114), (731, 975), (731, 1114), (752, 956), (752, 1214), (754, 1230), (754, 932), (757, 1222), (757, 932), (763, 956), (763, 932), (828, 932), (866, 1230), (866, 1214), (869, 1222), (869, 1214), (975, 983), (975, 1114), (983, 1114), (1144, 1167), (1167, 1245)]
	Crossbar: 19
	Rows: 92
	Columns: 125
	Nodes: [18, 33, 46, 55, 66, 81, 94, 104, 114, 128, 150, 151, 172, 176, 186, 196, 199, 214, 243, 264, 265, 282, 308, 334, 350, 362, 426, 492, 493, 496, 513, 533, 545, 550, 552, 557, 577, 579, 582, 584, 588, 595, 601, 602, 605, 607, 614, 628, 648, 651, 666, 678, 685, 686, 693, 710, 759, 760, 765, 766, 767, 768, 769, 774, 777, 794, 795, 802, 818, 835, 836, 838, 839, 853, 854, 876, 878, 881, 891, 910, 914, 919, 922, 968, 1203, 1211, 1212, 1219, 1220, 1228, 1233, 1250]
	Edges: [(18, 33), (18, 151), (33, 66), (33, 151), (46, 55), (55, 94), (55, 968), (66, 81), (66, 151), (81, 114), (81, 151), (94, 104), (94, 968), (104, 968), (104, 710), (114, 151), (114, 150), (128, 214), (128, 922), (150, 243), (150, 910), (172, 199), (172, 1211), (176, 264), (176, 876), (186, 196), (186, 1220), (196, 1220), (196, 265), (199, 1211), (214, 922), (214, 282), (243, 910), (243, 308), (264, 876), (264, 334), (265, 1220), (265, 362), (282, 922), (282, 350), (308, 910), (350, 922), (350, 426), (426, 922), (426, 552), (492, 582), (493, 584), (496, 588), (513, 605), (533, 628), (545, 685), (545, 666), (550, 693), (552, 595), (552, 922), (557, 1211), (557, 601), (577, 678), (577, 607), (579, 614), (582, 1220), (582, 686), (584, 881), (584, 648), (588, 1212), (588, 777), (595, 766), (595, 922), (601, 767), (601, 768), (602, 795), (602, 878), (605, 1211), (605, 835), (607, 795), (607, 876), (614, 759), (614, 760), (628, 1211), (628, 836), (648, 818), (648, 881), (651, 765), (666, 769), (666, 1211), (678, 876), (685, 838), (685, 839), (686, 1220), (686, 854), (693, 794), (693, 802), (710, 968), (759, 922), (765, 919), (766, 922), (766, 919), (767, 1211), (768, 1233), (768, 1211), (769, 881), (769, 1211), (774, 1228), (774, 1212), (777, 1220), (777, 1212), (794, 910), (795, 878), (795, 1203), (802, 910), (802, 914), (818, 881), (835, 1211), (836, 1219), (836, 1211), (838, 1211), (839, 891), (839, 1211), (853, 1228), (853, 1203), (854, 1220), (854, 1203), (891, 1250), (922, 1250), (1220, 1250)]
	Crossbar: 20
	Rows: 83
	Columns: 126
	Nodes: [4, 8, 9, 17, 24, 32, 43, 47, 52, 56, 57, 65, 80, 88, 91, 95, 108, 109, 117, 137, 146, 237, 238, 302, 303, 374, 375, 698, 879, 897, 983, 997, 1010, 1011, 1013, 1015, 1023, 1028, 1031, 1034, 1036, 1039, 1042, 1050, 1056, 1062, 1065, 1070, 1072, 1073, 1075, 1078, 1079, 1083, 1086, 1091, 1095, 1097, 1099, 1103, 1107, 1109, 1114, 1115, 1118, 1119, 1120, 1123, 1126, 1127, 1128, 1130, 1132, 1133, 1134, 1136, 1139, 1140, 1142, 1147, 1148, 1161, 1181]
	Edges: [(4, 43), (4, 1095), (8, 47), (8, 1011), (9, 24), (9, 1128), (17, 32), (17, 1028), (24, 57), (24, 1128), (32, 65), (32, 1028), (43, 52), (43, 1095), (47, 56), (47, 1011), (52, 91), (52, 1095), (56, 95), (56, 1011), (57, 1128), (65, 80), (65, 1028), (88, 109), (88, 1142), (95, 117), (95, 1011), (108, 137), (109, 1142), (117, 1011), (117, 698), (137, 237), (137, 897), (146, 238), (146, 879), (237, 897), (237, 302), (238, 879), (238, 303), (302, 897), (302, 374), (303, 879), (303, 375), (983, 1015), (997, 1010), (1010, 1034), (1010, 1123), (1011, 1181), (1013, 1036), (1015, 1023), (1015, 1114), (1023, 1050), (1023, 1114), (1031, 1039), (1031, 1119), (1034, 1042), (1034, 1123), (1036, 1056), (1036, 1072), (1039, 1070), (1039, 1119), (1042, 1073), (1042, 1123), (1050, 1062), (1050, 1114), (1056, 1065), (1056, 1072), (1062, 1083), (1062, 1114), (1065, 1086), (1065, 1095), (1070, 1075), (1070, 1119), (1072, 1078), (1072, 1095), (1073, 1079), (1073, 1123), (1075, 1097), (1075, 1119), (1078, 1095), (1079, 1099), (1079, 1123), (1083, 1091), (1083, 1114), (1086, 1095), (1091, 1107), (1091, 1114), (1095, 1181), (1097, 1103), (1097, 1119), (1099, 1109), (1099, 1123), (1103, 1118), (1103, 1119), (1107, 1126), (1107, 1114), (1109, 1115), (1109, 1123), (1114, 1136), (1114, 1128), (1115, 1130), (1115, 1142), (1118, 1132), (1118, 1148), (1119, 1133), (1119, 1148), (1120, 1181), (1123, 1127), (1123, 1142), (1126, 1134), (1126, 1128), (1127, 1142), (1128, 1181), (1130, 1142), (1132, 1139), (1132, 1148), (1133, 1140), (1133, 1148), (1139, 1147), (1139, 1148), (1140, 1148), (1142, 1181), (1147, 1181), (1147, 1161), (1148, 1181), (1161, 1181)]
	Crossbar: 21
	Rows: 114
	Columns: 128
	Nodes: [199, 247, 260, 262, 268, 273, 274, 291, 292, 299, 311, 320, 328, 331, 338, 339, 340, 345, 346, 347, 348, 349, 354, 355, 360, 361, 363, 364, 367, 370, 374, 375, 379, 386, 387, 391, 395, 403, 407, 413, 414, 416, 418, 420, 422, 424, 425, 429, 430, 436, 437, 438, 441, 447, 448, 450, 451, 452, 457, 463, 465, 476, 478, 486, 495, 496, 498, 505, 507, 508, 513, 516, 522, 524, 532, 533, 538, 540, 545, 553, 556, 557, 561, 570, 591, 618, 651, 668, 673, 692, 704, 868, 879, 889, 897, 900, 929, 948, 960, 972, 1009, 1076, 1112, 1210, 1211, 1212, 1215, 1219, 1221, 1224, 1225, 1227, 1250, 1251]
	Edges: [(199, 268), (247, 311), (260, 328), (262, 331), (268, 354), (268, 379), (273, 339), (274, 340), (291, 361), (292, 363), (299, 370), (311, 403), (311, 345), (320, 355), (320, 1227), (328, 1224), (328, 346), (331, 347), (331, 367), (338, 900), (338, 413), (340, 1112), (340, 451), (345, 416), (345, 422), (347, 1210), (347, 424), (348, 929), (348, 425), (349, 1076), (349, 463), (354, 1211), (354, 429), (355, 1227), (355, 430), (360, 960), (360, 436), (361, 889), (361, 438), (363, 1009), (363, 476), (364, 1251), (364, 441), (367, 437), (370, 948), (370, 447), (374, 897), (374, 450), (375, 879), (375, 452), (379, 448), (379, 457), (386, 1225), (386, 465), (387, 972), (387, 414), (391, 704), (391, 420), (395, 1219), (403, 1212), (403, 486), (407, 478), (407, 1221), (413, 900), (413, 532), (414, 556), (414, 972), (416, 1212), (416, 496), (418, 498), (420, 561), (420, 704), (422, 516), (422, 505), (424, 1210), (424, 507), (429, 1211), (429, 513), (430, 1227), (436, 960), (436, 522), (437, 1210), (438, 889), (441, 1251), (447, 948), (448, 1211), (448, 533), (450, 897), (450, 538), (451, 495), (451, 1112), (452, 879), (452, 540), (457, 557), (457, 545), (463, 508), (463, 1076), (465, 1225), (465, 553), (476, 524), (476, 1009), (478, 1221), (478, 570), (486, 1212), (496, 1212), (498, 1219), (498, 591), (507, 1210), (513, 1211), (522, 960), (522, 668), (524, 1009), (524, 618), (532, 692), (532, 900), (533, 1211), (556, 972), (556, 651), (570, 1221), (570, 673), (618, 1009), (651, 972), (673, 1221), (692, 900), (868, 1251), (1211, 1250), (1215, 1250), (1221, 1250)]
