Benchmark: apex2
Inputs: 39
Outputs: 3
BDD type: SBDD
BDD construct time (s): 0.6723167896270752
	Output variables: f0, f1, f2
	Nodes: 567
	Edges: 1130
	BDD show time (s): 0.08968853950500488
Partition alpha: 0.5
Partition D: 128
Partition K: 10
Partition ILP time (s): 3603.603913784027
Partition status: Optimal
Partition objective S: 386.0
N: 9
I: 763
Roots: [0, 1, 2]
Terminal: [565]
Gap (%): 25.52
	Crossbar: 0
	Rows: 93
	Columns: 126
	Nodes: [46, 58, 65, 71, 78, 83, 94, 95, 100, 107, 111, 112, 121, 125, 129, 130, 138, 141, 146, 152, 160, 165, 173, 188, 190, 191, 195, 197, 201, 204, 205, 210, 211, 213, 216, 217, 237, 243, 249, 250, 251, 257, 260, 262, 265, 269, 271, 282, 298, 301, 304, 311, 321, 325, 331, 340, 347, 355, 369, 371, 377, 381, 398, 400, 406, 408, 413, 416, 421, 424, 425, 431, 436, 437, 439, 441, 444, 448, 453, 458, 465, 488, 491, 496, 498, 502, 503, 515, 516, 526, 531, 534, 539]
	Edges: [(46, 58), (58, 71), (58, 65), (65, 83), (65, 71), (71, 94), (71, 78), (78, 94), (78, 83), (83, 121), (94, 112), (94, 129), (95, 107), (100, 111), (100, 195), (107, 188), (107, 146), (111, 195), (112, 138), (121, 130), (125, 188), (125, 141), (130, 191), (138, 160), (138, 190), (141, 201), (141, 173), (152, 165), (160, 237), (165, 204), (165, 491), (173, 216), (173, 210), (188, 398), (190, 213), (190, 217), (191, 213), (191, 262), (195, 205), (197, 211), (201, 211), (201, 243), (204, 526), (205, 377), (205, 526), (211, 398), (211, 250), (213, 260), (216, 398), (217, 298), (217, 262), (237, 262), (237, 251), (249, 381), (249, 269), (257, 369), (257, 282), (262, 265), (262, 271), (265, 406), (265, 400), (269, 381), (269, 301), (271, 406), (271, 304), (282, 369), (282, 311), (298, 304), (301, 381), (301, 321), (304, 400), (304, 325), (311, 369), (311, 331), (321, 381), (321, 355), (325, 400), (325, 340), (331, 369), (331, 347), (340, 400), (340, 408), (347, 369), (347, 416), (355, 381), (355, 437), (369, 496), (369, 416), (371, 491), (371, 425), (381, 526), (381, 437), (400, 406), (400, 408), (408, 421), (413, 439), (416, 436), (416, 496), (421, 444), (421, 498), (424, 436), (425, 441), (425, 491), (431, 465), (431, 531), (436, 458), (436, 488), (439, 448), (439, 502), (441, 453), (441, 503), (448, 496), (448, 502), (453, 491), (453, 503), (458, 496), (458, 488), (465, 531), (488, 515), (488, 539), (491, 526), (496, 534), (502, 515), (502, 516), (516, 534), (516, 539)]
	Crossbar: 1
	Rows: 90
	Columns: 118
	Nodes: [3, 4, 7, 21, 31, 40, 85, 89, 93, 103, 104, 115, 120, 124, 129, 130, 132, 145, 151, 152, 161, 163, 167, 175, 178, 189, 198, 204, 209, 210, 215, 220, 223, 232, 233, 238, 247, 259, 267, 277, 279, 283, 290, 298, 312, 315, 316, 332, 335, 348, 352, 360, 367, 370, 375, 378, 386, 387, 440, 443, 450, 455, 459, 470, 486, 491, 492, 496, 500, 506, 512, 521, 523, 527, 533, 534, 536, 543, 545, 546, 551, 556, 558, 559, 560, 561, 562, 563, 564, 565]
	Edges: [(3, 21), (4, 21), (4, 7), (7, 21), (21, 370), (21, 31), (31, 40), (40, 375), (40, 89), (85, 120), (85, 152), (89, 124), (89, 161), (93, 104), (93, 145), (103, 115), (103, 151), (104, 132), (115, 198), (115, 151), (120, 198), (120, 152), (124, 375), (124, 161), (129, 178), (129, 189), (130, 189), (145, 175), (145, 189), (151, 167), (151, 163), (152, 163), (161, 238), (161, 558), (163, 209), (167, 204), (167, 215), (175, 220), (175, 279), (178, 220), (178, 223), (189, 298), (198, 360), (204, 360), (209, 360), (209, 506), (210, 267), (210, 247), (215, 496), (215, 491), (220, 277), (223, 298), (223, 279), (232, 290), (233, 259), (238, 375), (238, 558), (247, 378), (247, 267), (259, 387), (259, 290), (267, 378), (277, 562), (277, 312), (279, 562), (279, 316), (283, 312), (290, 387), (290, 315), (298, 562), (312, 367), (312, 332), (315, 387), (315, 335), (332, 367), (332, 348), (335, 387), (335, 352), (352, 387), (370, 455), (375, 459), (378, 496), (386, 506), (440, 450), (440, 492), (443, 486), (450, 492), (455, 533), (459, 536), (470, 486), (486, 523), (486, 512), (492, 527), (492, 545), (500, 523), (500, 543), (506, 558), (506, 534), (512, 543), (521, 558), (521, 545), (523, 562), (523, 543), (527, 545), (534, 551), (536, 558), (543, 562), (543, 546), (545, 556), (546, 560), (551, 558), (556, 559), (556, 560), (558, 561), (559, 563), (561, 564), (563, 564), (564, 565)]
	Crossbar: 2
	Rows: 87
	Columns: 126
	Nodes: [2, 18, 28, 31, 37, 43, 44, 108, 143, 149, 153, 166, 168, 170, 171, 172, 182, 183, 187, 196, 219, 227, 229, 242, 249, 258, 264, 272, 286, 296, 305, 313, 318, 324, 333, 338, 339, 350, 353, 363, 365, 375, 388, 391, 392, 409, 418, 429, 434, 437, 440, 443, 464, 466, 470, 471, 472, 473, 484, 487, 489, 498, 499, 503, 508, 517, 520, 522, 524, 526, 530, 532, 535, 537, 538, 542, 545, 548, 549, 552, 553, 555, 557, 558, 560, 562, 563]
	Edges: [(2, 18), (18, 28), (28, 43), (28, 37), (31, 375), (37, 43), (37, 44), (43, 168), (43, 187), (108, 168), (108, 149), (143, 170), (149, 171), (149, 166), (153, 388), (166, 229), (166, 227), (170, 264), (171, 219), (172, 296), (182, 286), (183, 229), (183, 258), (196, 242), (219, 258), (219, 264), (227, 286), (227, 258), (229, 249), (242, 286), (242, 296), (258, 391), (258, 286), (264, 363), (264, 296), (272, 562), (272, 392), (286, 391), (286, 313), (296, 363), (296, 318), (305, 392), (305, 324), (313, 391), (313, 333), (318, 363), (318, 338), (324, 392), (324, 339), (333, 391), (333, 350), (338, 363), (338, 353), (339, 392), (339, 409), (350, 391), (350, 434), (353, 363), (353, 440), (363, 440), (365, 498), (388, 558), (388, 472), (391, 434), (392, 498), (392, 409), (409, 498), (409, 418), (418, 443), (418, 498), (429, 437), (429, 526), (434, 473), (434, 499), (437, 464), (437, 530), (443, 470), (464, 526), (464, 530), (466, 558), (466, 520), (470, 498), (471, 487), (472, 558), (472, 489), (473, 499), (484, 524), (484, 535), (487, 524), (487, 517), (489, 522), (489, 538), (499, 508), (499, 537), (503, 530), (503, 537), (508, 537), (517, 535), (520, 558), (520, 538), (522, 532), (522, 538), (524, 535), (526, 558), (530, 558), (530, 537), (532, 558), (532, 555), (535, 548), (537, 549), (537, 545), (538, 558), (538, 552), (542, 545), (545, 558), (548, 553), (549, 558), (552, 557), (552, 558), (553, 560), (555, 563), (557, 563), (557, 560), (558, 563), (560, 562), (562, 563)]
	Crossbar: 3
	Rows: 95
	Columns: 126
	Nodes: [1, 13, 29, 38, 50, 83, 88, 105, 116, 131, 132, 146, 147, 153, 159, 168, 169, 170, 171, 185, 186, 188, 189, 197, 216, 226, 229, 233, 243, 244, 247, 248, 251, 254, 255, 260, 268, 276, 285, 287, 289, 291, 294, 297, 300, 302, 308, 316, 320, 322, 328, 336, 344, 351, 357, 358, 361, 362, 373, 374, 379, 380, 386, 395, 399, 401, 402, 404, 405, 406, 407, 414, 417, 420, 422, 427, 444, 446, 449, 451, 456, 457, 466, 475, 493, 498, 500, 512, 515, 518, 523, 544, 550, 558, 562]
	Edges: [(1, 13), (13, 29), (29, 188), (29, 38), (38, 188), (38, 50), (83, 189), (88, 105), (105, 131), (116, 188), (116, 147), (132, 159), (132, 189), (146, 186), (146, 185), (147, 197), (147, 185), (153, 379), (159, 251), (168, 399), (169, 361), (170, 233), (171, 233), (186, 216), (186, 247), (188, 362), (189, 226), (197, 255), (216, 254), (226, 297), (229, 395), (233, 395), (243, 247), (243, 255), (244, 248), (248, 380), (248, 268), (251, 287), (251, 291), (254, 386), (254, 276), (260, 285), (260, 289), (268, 380), (268, 300), (276, 386), (276, 308), (285, 405), (285, 373), (287, 401), (287, 374), (289, 405), (289, 302), (291, 401), (291, 316), (294, 300), (297, 562), (297, 302), (300, 380), (300, 320), (302, 373), (302, 322), (308, 386), (308, 328), (316, 374), (316, 336), (320, 380), (320, 358), (322, 373), (322, 357), (328, 386), (328, 344), (336, 374), (336, 351), (344, 386), (344, 420), (351, 374), (351, 404), (357, 373), (357, 407), (361, 417), (362, 427), (373, 405), (373, 407), (374, 401), (374, 404), (379, 558), (379, 466), (386, 420), (395, 558), (395, 457), (401, 562), (401, 493), (402, 498), (402, 414), (405, 562), (405, 518), (406, 562), (406, 498), (407, 562), (407, 422), (414, 444), (414, 498), (417, 449), (417, 451), (422, 446), (422, 518), (427, 449), (427, 451), (444, 456), (444, 500), (446, 475), (446, 523), (456, 498), (456, 500), (457, 558), (457, 515), (475, 518), (475, 523), (498, 518), (498, 544), (512, 544), (518, 562), (518, 544), (544, 550), (550, 562)]
	Crossbar: 4
	Rows: 90
	Columns: 125
	Nodes: [2, 5, 8, 19, 41, 50, 52, 55, 59, 62, 66, 68, 69, 75, 76, 84, 87, 95, 96, 97, 116, 118, 119, 122, 125, 133, 136, 140, 144, 148, 157, 162, 169, 177, 180, 185, 193, 194, 203, 207, 208, 214, 224, 236, 239, 240, 248, 250, 252, 257, 270, 273, 276, 282, 294, 303, 306, 323, 326, 341, 342, 359, 360, 364, 366, 384, 398, 413, 415, 420, 426, 429, 442, 447, 449, 451, 479, 480, 481, 483, 496, 501, 504, 506, 507, 514, 515, 528, 536, 542]
	Edges: [(2, 5), (5, 19), (5, 8), (41, 52), (50, 55), (50, 84), (52, 59), (52, 87), (55, 69), (55, 62), (59, 68), (59, 66), (62, 95), (62, 69), (66, 87), (66, 68), (68, 97), (68, 75), (69, 96), (69, 76), (75, 97), (75, 87), (76, 96), (76, 95), (84, 116), (87, 122), (87, 203), (95, 185), (96, 125), (96, 133), (97, 118), (97, 203), (118, 169), (118, 144), (119, 136), (122, 169), (122, 148), (133, 157), (133, 185), (136, 162), (136, 193), (140, 194), (144, 177), (144, 180), (148, 177), (148, 203), (157, 208), (162, 207), (162, 248), (169, 359), (177, 240), (177, 257), (180, 240), (180, 224), (185, 214), (193, 294), (194, 207), (194, 239), (203, 236), (203, 282), (208, 398), (208, 270), (214, 398), (214, 276), (224, 282), (224, 257), (236, 359), (236, 273), (239, 294), (239, 248), (240, 359), (240, 252), (250, 384), (250, 270), (252, 364), (252, 273), (270, 384), (270, 303), (273, 364), (273, 306), (303, 384), (303, 323), (306, 364), (306, 326), (323, 384), (323, 341), (326, 364), (326, 342), (341, 384), (341, 429), (342, 364), (342, 413), (359, 415), (360, 447), (364, 496), (364, 413), (366, 451), (384, 429), (398, 426), (413, 496), (415, 481), (415, 451), (420, 442), (420, 506), (426, 479), (426, 447), (442, 480), (442, 515), (447, 514), (449, 504), (451, 501), (479, 507), (480, 506), (480, 515), (481, 483), (483, 507), (483, 528), (496, 506), (501, 514), (504, 507), (504, 542), (507, 536), (507, 542), (514, 536), (528, 542)]
	Crossbar: 5
	Rows: 93
	Columns: 125
	Nodes: [6, 9, 14, 21, 23, 32, 44, 46, 49, 54, 61, 67, 74, 81, 84, 91, 92, 93, 98, 99, 100, 108, 117, 123, 126, 127, 128, 131, 134, 135, 137, 139, 142, 143, 150, 155, 157, 158, 168, 172, 176, 179, 181, 182, 183, 184, 185, 193, 196, 199, 206, 208, 212, 218, 221, 225, 228, 230, 231, 232, 246, 253, 255, 261, 266, 267, 269, 272, 274, 275, 280, 288, 294, 295, 305, 307, 309, 314, 327, 329, 334, 343, 345, 349, 365, 371, 383, 395, 402, 425, 431, 525, 562]
	Edges: [(6, 9), (9, 21), (9, 14), (14, 23), (23, 32), (32, 46), (44, 49), (44, 100), (46, 93), (49, 54), (49, 81), (54, 67), (54, 61), (61, 91), (61, 67), (67, 92), (67, 74), (74, 92), (74, 91), (81, 123), (81, 128), (84, 134), (91, 117), (91, 182), (92, 108), (92, 127), (98, 126), (98, 150), (99, 135), (117, 168), (117, 142), (123, 168), (123, 143), (126, 562), (126, 137), (127, 196), (127, 182), (128, 172), (128, 182), (131, 155), (131, 158), (134, 176), (134, 185), (135, 184), (135, 193), (137, 199), (137, 193), (139, 155), (139, 179), (142, 183), (142, 182), (143, 182), (150, 181), (150, 193), (155, 231), (155, 246), (157, 221), (158, 231), (158, 206), (168, 395), (172, 232), (176, 208), (176, 280), (179, 230), (179, 288), (181, 218), (181, 266), (182, 225), (184, 218), (184, 228), (185, 267), (196, 232), (206, 288), (206, 246), (212, 253), (218, 562), (218, 295), (221, 267), (221, 280), (225, 395), (225, 269), (228, 294), (228, 266), (230, 275), (231, 261), (232, 395), (246, 288), (253, 383), (253, 274), (255, 371), (255, 280), (261, 272), (261, 275), (274, 383), (274, 307), (275, 562), (275, 305), (280, 371), (280, 309), (288, 562), (288, 314), (295, 525), (295, 307), (307, 383), (307, 327), (309, 371), (309, 329), (314, 365), (314, 334), (327, 383), (327, 343), (329, 371), (329, 345), (334, 365), (334, 349), (343, 383), (343, 431), (345, 371), (345, 425), (349, 365), (349, 402), (365, 402), (383, 525), (383, 431), (525, 562)]
	Crossbar: 6
	Rows: 92
	Columns: 126
	Nodes: [8, 10, 13, 15, 17, 18, 24, 27, 33, 36, 42, 45, 47, 48, 53, 56, 63, 73, 80, 88, 90, 98, 101, 106, 109, 139, 153, 154, 159, 160, 164, 179, 192, 200, 234, 241, 245, 246, 278, 283, 284, 348, 358, 365, 367, 368, 372, 376, 380, 385, 393, 399, 403, 408, 410, 419, 423, 430, 432, 445, 452, 454, 460, 463, 465, 469, 474, 482, 485, 495, 497, 505, 510, 511, 513, 515, 524, 525, 529, 532, 533, 539, 540, 541, 545, 546, 547, 548, 554, 558, 561, 562]
	Edges: [(8, 558), (8, 10), (10, 558), (10, 15), (13, 192), (15, 562), (15, 24), (17, 27), (18, 42), (24, 562), (24, 33), (27, 36), (33, 562), (33, 45), (36, 48), (42, 153), (42, 200), (45, 47), (45, 90), (47, 53), (47, 98), (48, 56), (48, 101), (56, 73), (56, 63), (63, 101), (63, 73), (73, 88), (73, 80), (80, 88), (80, 101), (88, 179), (90, 106), (90, 154), (101, 109), (101, 179), (106, 562), (106, 154), (109, 139), (154, 241), (159, 234), (160, 234), (164, 393), (192, 376), (192, 385), (200, 368), (200, 372), (234, 245), (241, 562), (241, 525), (245, 278), (245, 283), (246, 284), (278, 410), (278, 367), (283, 410), (284, 562), (284, 365), (348, 367), (348, 403), (358, 380), (358, 445), (367, 410), (367, 403), (368, 558), (368, 454), (372, 558), (372, 452), (376, 430), (380, 445), (385, 419), (393, 474), (399, 558), (399, 482), (403, 562), (403, 423), (408, 562), (410, 562), (410, 525), (423, 432), (423, 525), (430, 460), (430, 474), (432, 469), (432, 505), (445, 463), (445, 495), (452, 558), (452, 532), (454, 558), (454, 510), (460, 524), (463, 495), (465, 525), (469, 525), (469, 505), (474, 513), (482, 558), (482, 485), (485, 529), (485, 539), (495, 511), (495, 540), (497, 505), (497, 540), (505, 562), (505, 540), (510, 558), (510, 532), (511, 540), (513, 533), (515, 558), (515, 539), (524, 533), (529, 541), (529, 539), (533, 554), (539, 558), (539, 545), (540, 547), (540, 546), (541, 558), (547, 562), (548, 554), (554, 561), (561, 562)]
	Crossbar: 7
	Rows: 88
	Columns: 120
	Nodes: [0, 1, 3, 4, 6, 7, 11, 12, 16, 17, 20, 22, 26, 30, 35, 39, 41, 51, 53, 57, 60, 64, 70, 72, 77, 79, 82, 85, 86, 99, 102, 103, 110, 113, 114, 140, 156, 163, 164, 169, 174, 198, 199, 202, 212, 235, 244, 256, 266, 267, 281, 299, 310, 319, 330, 346, 352, 356, 366, 378, 384, 387, 390, 394, 396, 397, 411, 412, 419, 424, 433, 438, 467, 468, 471, 477, 478, 484, 490, 494, 496, 509, 513, 521, 526, 531, 546, 562]
	Edges: [(0, 4), (0, 12), (1, 3), (3, 6), (6, 16), (7, 11), (11, 20), (11, 17), (12, 156), (12, 22), (16, 164), (16, 30), (20, 396), (20, 26), (22, 169), (22, 41), (26, 366), (26, 35), (30, 198), (30, 39), (35, 366), (35, 82), (39, 198), (39, 51), (41, 169), (51, 57), (51, 85), (53, 72), (53, 60), (57, 70), (57, 64), (60, 86), (60, 72), (64, 102), (64, 70), (70, 103), (70, 77), (72, 99), (72, 79), (77, 103), (77, 102), (79, 99), (79, 86), (82, 113), (82, 174), (99, 110), (102, 114), (102, 163), (110, 562), (110, 140), (113, 366), (113, 174), (114, 198), (114, 163), (140, 202), (156, 390), (156, 394), (163, 496), (164, 396), (174, 235), (174, 496), (198, 366), (199, 212), (199, 256), (202, 212), (202, 244), (212, 562), (235, 366), (235, 496), (244, 256), (256, 397), (256, 281), (266, 310), (267, 299), (281, 397), (281, 310), (299, 378), (299, 319), (310, 397), (310, 330), (319, 378), (319, 356), (330, 397), (330, 346), (346, 397), (346, 433), (352, 438), (356, 378), (356, 424), (378, 424), (384, 526), (387, 526), (387, 438), (390, 412), (394, 411), (396, 478), (397, 433), (411, 467), (411, 478), (412, 471), (412, 478), (419, 467), (419, 478), (424, 496), (433, 477), (433, 494), (438, 468), (438, 521), (467, 484), (468, 526), (468, 521), (477, 494), (478, 490), (490, 513), (494, 509), (494, 546), (509, 546), (531, 562), (531, 546), (546, 562)]
	Crossbar: 8
	Rows: 35
	Columns: 50
	Nodes: [19, 25, 34, 86, 100, 111, 119, 187, 193, 200, 207, 222, 263, 292, 293, 317, 337, 354, 377, 382, 389, 404, 428, 432, 435, 461, 462, 476, 493, 497, 519, 525, 541, 558, 562]
	Edges: [(19, 200), (19, 25), (25, 187), (25, 34), (34, 187), (34, 100), (86, 119), (86, 193), (111, 187), (119, 562), (187, 377), (187, 382), (193, 222), (207, 562), (207, 263), (222, 562), (222, 292), (263, 389), (263, 293), (292, 525), (292, 317), (293, 389), (293, 317), (317, 389), (317, 337), (337, 389), (337, 354), (354, 389), (354, 432), (377, 558), (377, 462), (382, 558), (382, 461), (389, 525), (389, 432), (404, 562), (404, 428), (428, 435), (428, 493), (435, 476), (435, 497), (461, 558), (461, 541), (462, 558), (462, 519), (476, 493), (476, 497), (493, 525), (519, 558), (519, 541)]
