Benchmark: cps
Inputs: 24
Outputs: 109
BDD type: SBDD
BDD construct time (s): 0.6315109729766846
	Output variables: f0, f1, f2, f3, f4, f5, f6, f7, f8, f9, f10, f11, f12, f13, f14, f15, f16, f17, f18, f19, f20, f21, f22, f23, f24, f25, f26, f27, f28, f29, f30, f31, f32, f33, f34, f35, f36, f37, f38, f39, f40, f41, f42, f43, f44, f45, f46, f47, f48, f49, f50, f51, f52, f53, f54, f55, f56, f57, f58, f59, f60, f61, f62, f63, f64, f65, f66, f67, f68, f69, f70, f71, f72, f73, f74, f75, f76, f77, f78, f79, f80, f81, f82, f83, f84, f85, f86, f87, f88, f89, f90, f91, f92, f93, f94, f95, f96, f97, f98, f99, f100, f101, f102, f103, f104, f105, f106, f107, f108
	Nodes: 1080
	Edges: 2156
	BDD show time (s): 0.10805249214172363
Partition alpha: 0.5
Partition D: 128
Partition K: 16
Partition ILP time (s): 3607.821979522705
Partition status: Optimal
Partition objective S: 762.0
N: 16
I: 1508
Roots: [0, 1, 2, 3, 4, 5, 6, 7, 8, 9, 10, 11, 12, 13, 14, 15, 16, 17, 18, 19, 20, 21, 22, 23, 24, 25, 26, 27, 28, 29, 30, 31, 32, 33, 34, 35, 36, 37, 38, 39, 40, 41, 42, 43, 44, 45, 46, 47, 48, 49, 50, 51, 52, 53, 54, 55, 56, 57, 58, 59, 60, 61, 62, 63, 64, 65, 66, 67, 68, 69, 70, 71, 72, 73, 74, 75, 76, 77, 78, 79, 80, 81, 82, 83, 84, 85, 86, 87, 88, 89, 90, 91, 92, 93, 94, 95, 96, 97, 98, 99, 100, 101, 1079]
Terminal: [1078]
Gap (%): 28.36
	Crossbar: 0
	Rows: 114
	Columns: 128
	Nodes: [7, 8, 22, 23, 45, 46, 51, 52, 56, 62, 66, 70, 72, 76, 79, 93, 105, 106, 122, 124, 125, 127, 131, 135, 148, 149, 160, 169, 177, 184, 190, 201, 203, 204, 215, 216, 218, 224, 232, 247, 252, 266, 279, 286, 289, 293, 295, 299, 301, 311, 315, 317, 318, 319, 322, 325, 331, 337, 356, 366, 375, 386, 391, 393, 398, 404, 407, 418, 426, 437, 449, 455, 460, 470, 472, 480, 489, 490, 511, 520, 535, 560, 592, 611, 625, 716, 759, 787, 818, 838, 846, 852, 884, 952, 955, 992, 994, 1011, 1022, 1043, 1044, 1045, 1047, 1048, 1051, 1052, 1053, 1059, 1072, 1073, 1074, 1076, 1077, 1078]
	Edges: [(7, 160), (8, 169), (8, 1078), (22, 184), (23, 190), (45, 215), (46, 216), (51, 224), (52, 127), (56, 106), (62, 201), (62, 135), (66, 122), (70, 124), (72, 218), (76, 148), (76, 177), (79, 131), (93, 203), (93, 125), (105, 149), (122, 315), (125, 232), (125, 418), (127, 311), (135, 331), (135, 293), (149, 331), (149, 289), (160, 331), (160, 295), (169, 1078), (169, 301), (177, 331), (177, 319), (184, 252), (203, 266), (204, 299), (204, 318), (215, 337), (216, 279), (218, 318), (224, 286), (232, 437), (247, 460), (247, 1078), (266, 393), (266, 407), (279, 489), (289, 404), (289, 490), (293, 391), (295, 426), (295, 391), (299, 375), (301, 846), (301, 884), (311, 1059), (315, 386), (317, 472), (318, 1051), (319, 480), (319, 490), (322, 470), (322, 1044), (325, 449), (325, 1059), (356, 418), (366, 437), (375, 560), (386, 520), (398, 1059), (407, 1059), (407, 1045), (418, 1052), (426, 1074), (426, 1051), (437, 1052), (437, 1076), (449, 1045), (455, 1052), (460, 511), (460, 1078), (470, 1047), (470, 1044), (472, 1072), (472, 1051), (480, 1052), (480, 1059), (489, 535), (490, 1052), (490, 1053), (511, 611), (511, 1078), (520, 592), (625, 787), (716, 1011), (759, 852), (787, 838), (787, 818), (818, 1059), (818, 994), (846, 1073), (846, 1078), (852, 955), (852, 952), (884, 1048), (884, 1078), (952, 1059), (955, 1059), (955, 1011), (992, 1022), (992, 1059), (994, 1059), (1011, 1059), (1022, 1059), (1022, 1043), (1043, 1059), (1045, 1072), (1045, 1074), (1047, 1074), (1048, 1073), (1048, 1077), (1051, 1072), (1052, 1074), (1052, 1076), (1059, 1074), (1077, 1078)]
	Crossbar: 1
	Rows: 112
	Columns: 108
	Nodes: [11, 12, 15, 18, 21, 27, 32, 37, 38, 43, 55, 59, 78, 81, 88, 104, 133, 136, 142, 145, 151, 157, 163, 179, 182, 183, 188, 195, 202, 206, 209, 212, 217, 233, 237, 243, 249, 251, 259, 265, 277, 292, 294, 316, 328, 332, 336, 338, 340, 365, 374, 387, 390, 398, 453, 456, 464, 475, 484, 490, 526, 531, 561, 579, 584, 596, 607, 710, 730, 754, 763, 776, 780, 793, 797, 802, 803, 808, 810, 854, 855, 864, 868, 881, 888, 889, 898, 902, 927, 939, 941, 943, 950, 960, 963, 971, 988, 989, 991, 998, 1001, 1002, 1013, 1017, 1018, 1019, 1033, 1035, 1038, 1045, 1057, 1059]
	Edges: [(11, 142), (12, 136), (15, 151), (15, 217), (18, 179), (21, 183), (27, 188), (32, 195), (37, 202), (38, 206), (43, 212), (55, 182), (59, 145), (78, 209), (81, 133), (88, 157), (104, 163), (133, 338), (136, 292), (142, 243), (142, 233), (145, 237), (151, 336), (151, 340), (163, 233), (179, 249), (182, 294), (182, 259), (183, 251), (188, 332), (195, 265), (202, 316), (212, 277), (217, 328), (237, 390), (243, 453), (251, 464), (277, 484), (292, 475), (316, 387), (328, 490), (336, 398), (336, 1059), (340, 365), (365, 456), (374, 579), (390, 1045), (390, 1059), (398, 561), (453, 526), (484, 531), (531, 596), (579, 584), (584, 780), (607, 763), (710, 802), (730, 868), (754, 864), (763, 808), (776, 855), (780, 881), (780, 960), (793, 810), (797, 1017), (797, 1057), (802, 1019), (803, 1001), (808, 991), (810, 1013), (810, 991), (854, 1019), (855, 1017), (855, 1033), (864, 991), (868, 1017), (868, 998), (881, 989), (881, 1002), (888, 989), (889, 991), (889, 989), (898, 971), (902, 989), (927, 950), (927, 939), (939, 943), (939, 989), (941, 988), (941, 950), (943, 960), (960, 1038), (963, 1013), (963, 1038), (971, 1035), (971, 1033), (988, 1013), (991, 1013), (998, 1033), (1001, 1019), (1001, 1033), (1002, 1018), (1002, 1019), (1017, 1057), (1018, 1038), (1018, 1057), (1033, 1035), (1033, 1057), (1038, 1057)]
	Crossbar: 2
	Rows: 104
	Columns: 102
	Nodes: [4, 7, 10, 14, 53, 54, 64, 108, 120, 158, 167, 174, 176, 190, 213, 226, 227, 234, 242, 290, 304, 308, 310, 316, 350, 355, 362, 363, 367, 369, 378, 387, 392, 396, 408, 418, 432, 454, 495, 502, 522, 538, 547, 548, 560, 561, 568, 601, 606, 607, 610, 620, 622, 624, 633, 639, 647, 661, 673, 678, 679, 681, 686, 687, 699, 704, 705, 706, 714, 722, 742, 745, 747, 748, 762, 779, 798, 815, 821, 824, 827, 840, 847, 851, 856, 859, 861, 902, 912, 923, 927, 934, 950, 962, 969, 990, 993, 999, 1008, 1041, 1044, 1047, 1049, 1052]
	Edges: [(4, 167), (7, 213), (10, 174), (14, 176), (53, 226), (54, 227), (64, 120), (108, 308), (158, 396), (167, 362), (174, 242), (190, 350), (213, 363), (213, 310), (227, 290), (234, 418), (290, 502), (304, 378), (304, 1049), (308, 454), (308, 418), (310, 495), (310, 1044), (316, 1049), (350, 454), (350, 408), (355, 367), (367, 392), (367, 432), (369, 568), (378, 1049), (387, 538), (387, 1049), (392, 1044), (396, 1044), (432, 1052), (432, 1044), (454, 1049), (495, 1047), (502, 522), (538, 661), (547, 606), (547, 633), (548, 622), (560, 639), (560, 607), (561, 601), (561, 647), (568, 673), (568, 610), (601, 681), (601, 747), (610, 722), (620, 714), (620, 779), (622, 704), (622, 742), (624, 686), (633, 687), (639, 747), (647, 745), (647, 706), (661, 678), (673, 705), (678, 847), (679, 1049), (679, 815), (681, 1008), (686, 1008), (686, 847), (687, 798), (687, 902), (699, 840), (699, 1049), (704, 856), (705, 912), (705, 815), (742, 851), (742, 859), (747, 859), (748, 1049), (762, 815), (779, 827), (779, 861), (798, 927), (798, 934), (815, 969), (815, 999), (821, 927), (824, 990), (840, 1049), (840, 962), (851, 990), (861, 993), (861, 1049), (902, 990), (923, 934), (934, 950), (962, 1049), (993, 1041), (999, 1041), (1041, 1049)]
	Crossbar: 3
	Rows: 71
	Columns: 65
	Nodes: [1, 20, 25, 35, 95, 96, 99, 113, 116, 129, 145, 164, 168, 175, 181, 198, 205, 207, 208, 209, 236, 245, 283, 303, 314, 318, 325, 326, 328, 341, 343, 356, 376, 385, 405, 410, 455, 456, 488, 516, 527, 545, 573, 580, 599, 609, 610, 612, 661, 666, 717, 737, 764, 766, 769, 822, 828, 866, 962, 968, 972, 983, 1000, 1014, 1021, 1039, 1040, 1049, 1056, 1061, 1062]
	Edges: [(1, 164), (20, 207), (25, 116), (35, 198), (95, 181), (96, 113), (99, 208), (99, 175), (113, 341), (113, 236), (116, 245), (129, 356), (145, 303), (168, 236), (175, 245), (181, 245), (198, 314), (205, 326), (207, 318), (208, 325), (209, 236), (236, 456), (283, 456), (303, 376), (314, 385), (314, 1049), (326, 385), (328, 455), (341, 405), (343, 410), (356, 455), (376, 545), (385, 527), (385, 1049), (405, 516), (410, 580), (455, 1049), (456, 1056), (488, 1056), (516, 609), (527, 661), (545, 599), (573, 666), (580, 612), (609, 769), (610, 766), (666, 737), (666, 717), (737, 828), (737, 866), (764, 972), (766, 822), (822, 968), (822, 983), (828, 1014), (828, 1040), (962, 1014), (972, 1039), (972, 1021), (1000, 1039), (1014, 1040), (1021, 1039), (1039, 1062), (1040, 1061), (1040, 1049)]
	Crossbar: 4
	Rows: 102
	Columns: 126
	Nodes: [26, 40, 65, 73, 87, 96, 100, 107, 108, 117, 121, 130, 141, 146, 159, 163, 166, 168, 192, 203, 220, 228, 229, 231, 232, 234, 235, 238, 239, 255, 257, 259, 260, 271, 272, 274, 280, 291, 297, 298, 305, 317, 322, 330, 331, 338, 347, 358, 362, 371, 374, 397, 399, 408, 416, 417, 419, 420, 429, 430, 434, 435, 438, 439, 440, 441, 442, 447, 452, 478, 483, 485, 492, 493, 512, 535, 539, 574, 620, 626, 628, 674, 708, 756, 809, 832, 874, 967, 970, 1028, 1031, 1036, 1050, 1051, 1053, 1056, 1058, 1059, 1060, 1062, 1072, 1076]
	Edges: [(26, 166), (26, 130), (40, 168), (40, 220), (65, 168), (65, 192), (73, 107), (73, 121), (87, 141), (87, 228), (96, 130), (100, 146), (100, 108), (107, 297), (108, 232), (117, 298), (117, 271), (121, 305), (121, 358), (130, 322), (130, 272), (141, 347), (146, 274), (146, 317), (159, 331), (159, 235), (163, 291), (166, 231), (168, 255), (192, 232), (192, 452), (203, 229), (220, 232), (220, 234), (228, 322), (228, 260), (229, 442), (229, 371), (231, 438), (232, 1076), (234, 452), (235, 439), (235, 1053), (238, 416), (239, 1051), (257, 434), (259, 434), (259, 429), (260, 485), (260, 397), (271, 478), (272, 452), (272, 435), (274, 493), (274, 371), (280, 1050), (291, 483), (291, 1076), (297, 374), (298, 492), (298, 1076), (305, 478), (305, 1072), (317, 1056), (330, 1050), (338, 430), (338, 440), (358, 452), (358, 416), (362, 430), (371, 1050), (397, 1050), (397, 1056), (399, 1053), (408, 1076), (416, 1051), (417, 1060), (417, 1072), (419, 1050), (420, 1060), (420, 1051), (429, 1050), (429, 1053), (430, 1056), (434, 1059), (435, 1053), (438, 512), (439, 1058), (439, 1060), (440, 1072), (441, 1058), (441, 1072), (442, 1076), (447, 874), (478, 1051), (478, 1072), (483, 1050), (485, 1072), (485, 1056), (492, 574), (492, 1050), (493, 1076), (535, 674), (539, 628), (574, 620), (626, 756), (628, 708), (628, 1059), (708, 1059), (708, 809), (756, 832), (832, 1028), (832, 970), (874, 1051), (967, 1028), (970, 1031), (970, 1036), (1028, 1036), (1036, 1062), (1050, 1076), (1050, 1072), (1053, 1072), (1056, 1072), (1060, 1072), (1062, 1072), (1072, 1076)]
	Crossbar: 5
	Rows: 97
	Columns: 126
	Nodes: [17, 63, 75, 92, 111, 112, 119, 128, 134, 152, 173, 186, 239, 280, 300, 309, 326, 329, 330, 331, 332, 337, 342, 348, 352, 363, 368, 391, 400, 411, 417, 419, 420, 425, 468, 474, 475, 486, 488, 491, 539, 556, 572, 574, 576, 595, 625, 627, 631, 637, 645, 673, 676, 682, 722, 725, 726, 748, 762, 766, 784, 790, 792, 794, 801, 805, 820, 835, 836, 839, 853, 866, 867, 870, 912, 916, 920, 921, 947, 956, 957, 961, 969, 983, 986, 993, 997, 1003, 1012, 1014, 1029, 1041, 1049, 1058, 1059, 1074, 1076]
	Edges: [(17, 111), (17, 119), (63, 134), (75, 128), (92, 152), (111, 330), (111, 348), (112, 300), (119, 309), (128, 329), (173, 348), (186, 280), (186, 342), (239, 491), (300, 420), (300, 368), (309, 391), (326, 474), (330, 411), (331, 475), (332, 486), (332, 475), (337, 400), (337, 1049), (342, 417), (342, 368), (352, 475), (363, 1049), (363, 425), (368, 425), (368, 488), (391, 1074), (400, 1049), (411, 576), (411, 1076), (419, 1074), (425, 1049), (468, 539), (474, 1059), (474, 1049), (475, 1049), (475, 1076), (486, 1076), (488, 1049), (491, 572), (491, 920), (539, 627), (556, 676), (572, 645), (574, 631), (576, 625), (595, 762), (595, 748), (627, 1059), (627, 790), (631, 762), (631, 784), (637, 682), (645, 725), (645, 748), (673, 726), (676, 792), (676, 748), (682, 835), (682, 820), (722, 1049), (722, 866), (725, 1049), (725, 853), (726, 836), (726, 820), (748, 839), (762, 805), (766, 870), (784, 839), (784, 820), (790, 794), (792, 1049), (792, 867), (794, 1059), (801, 997), (805, 997), (805, 969), (820, 1049), (820, 1003), (835, 1049), (835, 957), (836, 993), (836, 1041), (839, 1049), (839, 986), (853, 956), (853, 921), (866, 961), (866, 1049), (867, 956), (867, 957), (870, 957), (870, 986), (912, 997), (912, 993), (916, 983), (916, 1049), (920, 1049), (921, 957), (921, 983), (947, 986), (947, 1049), (957, 1041), (957, 1049), (961, 1014), (961, 1049), (983, 1029), (983, 1049), (986, 1012), (986, 1049), (993, 1049), (997, 1049), (997, 1029), (1003, 1014), (1003, 1029), (1012, 1049), (1014, 1049), (1029, 1049), (1058, 1074), (1074, 1076)]
	Crossbar: 6
	Rows: 105
	Columns: 121
	Nodes: [39, 47, 48, 49, 60, 67, 98, 114, 118, 153, 159, 161, 193, 197, 205, 222, 240, 262, 263, 276, 281, 284, 306, 334, 364, 369, 371, 373, 381, 392, 404, 433, 442, 443, 447, 448, 493, 496, 513, 554, 557, 562, 606, 611, 615, 624, 636, 643, 670, 691, 700, 709, 716, 724, 736, 743, 746, 758, 759, 782, 796, 803, 809, 817, 819, 841, 859, 886, 888, 909, 913, 924, 930, 936, 946, 949, 957, 959, 974, 983, 994, 1004, 1016, 1020, 1024, 1034, 1037, 1042, 1043, 1046, 1053, 1057, 1059, 1060, 1061, 1062, 1063, 1065, 1067, 1069, 1071, 1072, 1074, 1076, 1078]
	Edges: [(39, 205), (47, 197), (47, 159), (48, 118), (48, 153), (49, 222), (60, 114), (67, 193), (67, 153), (98, 161), (114, 306), (118, 240), (153, 276), (161, 364), (193, 263), (193, 240), (197, 334), (197, 262), (222, 284), (240, 443), (262, 373), (262, 392), (276, 447), (276, 448), (281, 369), (281, 371), (284, 496), (306, 381), (364, 433), (369, 1076), (371, 1076), (373, 1053), (373, 1074), (381, 562), (392, 1076), (404, 1076), (404, 1060), (442, 554), (448, 819), (493, 557), (496, 513), (554, 624), (554, 636), (557, 670), (557, 643), (562, 615), (606, 782), (606, 691), (611, 1078), (611, 736), (615, 709), (615, 758), (624, 746), (643, 716), (643, 700), (670, 759), (670, 724), (691, 888), (691, 859), (700, 886), (700, 817), (716, 913), (736, 909), (736, 1078), (743, 841), (746, 888), (746, 803), (796, 959), (796, 1059), (809, 974), (819, 1059), (841, 924), (886, 974), (909, 1078), (909, 1004), (913, 1034), (913, 1016), (924, 930), (924, 936), (930, 946), (930, 957), (936, 957), (936, 949), (946, 983), (946, 957), (949, 957), (949, 983), (959, 1059), (959, 1020), (974, 1042), (974, 1059), (994, 1016), (1004, 1024), (1004, 1078), (1016, 1043), (1016, 1046), (1020, 1042), (1020, 1059), (1024, 1078), (1024, 1037), (1034, 1059), (1034, 1046), (1037, 1078), (1037, 1063), (1042, 1059), (1042, 1046), (1043, 1046), (1046, 1065), (1046, 1074), (1053, 1074), (1057, 1065), (1060, 1076), (1061, 1065), (1061, 1076), (1062, 1065), (1063, 1078), (1065, 1067), (1067, 1069), (1069, 1071), (1071, 1072), (1076, 1078)]
	Crossbar: 7
	Rows: 96
	Columns: 111
	Nodes: [6, 9, 13, 24, 41, 42, 68, 83, 90, 109, 138, 143, 162, 185, 200, 210, 211, 219, 233, 239, 254, 255, 275, 283, 286, 294, 352, 354, 370, 430, 466, 467, 486, 499, 512, 521, 541, 566, 569, 581, 621, 629, 632, 636, 651, 656, 658, 677, 692, 703, 712, 714, 733, 740, 767, 768, 776, 778, 783, 800, 806, 808, 825, 834, 843, 847, 851, 856, 858, 887, 900, 905, 915, 918, 929, 937, 956, 964, 965, 968, 969, 982, 988, 989, 990, 1005, 1008, 1010, 1012, 1013, 1026, 1029, 1032, 1038, 1041, 1061]
	Edges: [(6, 162), (9, 138), (13, 143), (24, 185), (41, 211), (42, 210), (68, 200), (83, 219), (90, 109), (109, 239), (109, 233), (138, 233), (143, 233), (162, 283), (185, 254), (200, 354), (200, 233), (210, 275), (211, 352), (219, 430), (233, 430), (254, 466), (255, 467), (286, 499), (294, 370), (370, 541), (467, 566), (486, 521), (499, 569), (512, 658), (512, 629), (521, 651), (541, 632), (566, 621), (569, 656), (581, 677), (621, 776), (629, 712), (632, 740), (636, 776), (636, 692), (651, 703), (656, 733), (658, 768), (677, 778), (677, 767), (692, 834), (692, 965), (703, 806), (703, 847), (712, 825), (714, 800), (714, 843), (733, 858), (740, 856), (767, 808), (767, 905), (768, 887), (776, 1026), (778, 825), (778, 1038), (783, 834), (806, 1008), (806, 990), (825, 1026), (825, 1038), (843, 1005), (843, 1041), (847, 1026), (847, 1010), (851, 964), (856, 1026), (856, 1008), (858, 918), (858, 929), (900, 990), (900, 1038), (905, 965), (905, 989), (915, 1008), (915, 1010), (918, 937), (918, 929), (929, 988), (937, 988), (956, 1041), (956, 1012), (964, 1026), (964, 1038), (965, 1026), (965, 1013), (968, 1029), (968, 1041), (969, 1012), (969, 1041), (982, 1029), (982, 1012), (989, 1026), (990, 1038), (1005, 1032), (1005, 1041), (1008, 1026), (1010, 1038), (1010, 1026), (1012, 1041), (1013, 1038), (1026, 1038), (1029, 1041), (1032, 1041), (1032, 1061), (1041, 1061)]
	Crossbar: 8
	Rows: 99
	Columns: 97
	Nodes: [3, 29, 30, 31, 33, 44, 61, 71, 74, 112, 118, 126, 132, 140, 154, 172, 186, 187, 191, 194, 214, 237, 242, 256, 261, 263, 269, 278, 304, 307, 323, 327, 329, 333, 339, 348, 382, 393, 394, 395, 403, 443, 446, 451, 469, 471, 506, 509, 524, 575, 577, 581, 582, 590, 594, 644, 652, 658, 669, 680, 697, 702, 704, 741, 753, 765, 773, 782, 795, 800, 831, 871, 872, 876, 882, 900, 910, 926, 933, 940, 942, 950, 958, 963, 984, 988, 991, 998, 1008, 1015, 1019, 1025, 1027, 1035, 1038, 1056, 1057, 1059, 1061]
	Edges: [(3, 186), (3, 140), (29, 191), (30, 132), (30, 172), (31, 194), (33, 112), (33, 140), (44, 214), (61, 154), (71, 187), (74, 126), (112, 256), (118, 307), (126, 327), (132, 339), (140, 323), (154, 1056), (172, 333), (187, 323), (191, 261), (194, 304), (214, 278), (237, 446), (242, 451), (261, 469), (263, 471), (269, 446), (269, 1059), (307, 382), (323, 1056), (327, 394), (329, 395), (339, 403), (348, 446), (382, 575), (393, 1056), (393, 1059), (395, 506), (403, 581), (443, 876), (446, 1059), (451, 509), (469, 524), (471, 577), (506, 644), (509, 594), (524, 658), (575, 590), (577, 594), (577, 590), (581, 652), (582, 658), (590, 765), (594, 697), (644, 680), (644, 773), (652, 753), (652, 702), (669, 741), (697, 871), (702, 900), (702, 795), (704, 872), (741, 1019), (753, 910), (765, 1038), (773, 831), (782, 872), (782, 1008), (795, 1008), (800, 1027), (800, 1061), (831, 984), (871, 958), (872, 1008), (872, 991), (876, 1056), (882, 1025), (910, 1008), (910, 963), (926, 933), (926, 940), (933, 942), (940, 950), (942, 988), (950, 988), (958, 1019), (984, 1035), (998, 1015), (1015, 1035), (1015, 1038), (1019, 1035), (1025, 1057), (1025, 1038), (1027, 1061), (1035, 1057)]
	Crossbar: 9
	Rows: 70
	Columns: 68
	Nodes: [80, 84, 85, 137, 143, 144, 156, 158, 173, 206, 244, 270, 302, 343, 353, 361, 377, 378, 400, 421, 431, 457, 479, 508, 510, 513, 529, 537, 542, 544, 563, 586, 591, 597, 605, 617, 623, 657, 668, 675, 685, 690, 713, 723, 735, 741, 753, 783, 788, 789, 790, 823, 830, 883, 888, 891, 895, 901, 915, 922, 932, 944, 975, 995, 1000, 1013, 1028, 1030, 1038, 1051]
	Edges: [(80, 173), (84, 137), (85, 156), (85, 158), (137, 343), (143, 244), (144, 353), (156, 361), (206, 270), (244, 457), (270, 479), (302, 377), (353, 421), (361, 431), (377, 508), (378, 544), (400, 537), (421, 542), (431, 563), (457, 510), (479, 529), (508, 591), (510, 605), (513, 668), (513, 597), (529, 668), (537, 675), (537, 591), (544, 657), (544, 617), (563, 586), (586, 789), (591, 690), (597, 741), (597, 788), (605, 723), (617, 783), (623, 685), (657, 735), (668, 723), (675, 713), (685, 901), (685, 1051), (690, 888), (713, 915), (723, 891), (735, 891), (735, 915), (753, 823), (783, 888), (789, 883), (790, 830), (823, 1013), (823, 1038), (830, 922), (830, 944), (883, 1038), (895, 995), (901, 975), (901, 1000), (922, 932), (922, 944), (932, 944), (995, 1051), (995, 1028), (1000, 1030), (1028, 1051), (1030, 1051)]
	Crossbar: 10
	Rows: 96
	Columns: 99
	Nodes: [5, 16, 77, 97, 101, 106, 131, 154, 170, 171, 178, 221, 225, 247, 248, 273, 275, 282, 287, 296, 335, 372, 401, 412, 433, 461, 482, 483, 498, 501, 522, 523, 533, 536, 538, 542, 551, 552, 565, 573, 578, 595, 596, 602, 603, 614, 638, 648, 649, 654, 660, 671, 680, 684, 688, 695, 706, 711, 721, 727, 732, 744, 758, 772, 774, 781, 791, 816, 821, 826, 829, 831, 837, 842, 845, 862, 873, 879, 889, 890, 898, 904, 911, 925, 941, 943, 953, 973, 984, 985, 989, 1023, 1035, 1048, 1054, 1078]
	Edges: [(5, 170), (16, 171), (16, 1078), (77, 178), (77, 154), (97, 221), (97, 154), (101, 225), (101, 154), (106, 296), (131, 335), (171, 247), (171, 273), (178, 248), (221, 282), (225, 287), (248, 461), (273, 501), (273, 412), (275, 482), (287, 498), (296, 372), (335, 401), (372, 551), (401, 552), (412, 1048), (412, 1054), (433, 523), (461, 565), (482, 533), (483, 573), (498, 536), (522, 602), (523, 603), (533, 671), (536, 614), (538, 602), (542, 654), (551, 660), (552, 648), (565, 638), (573, 595), (578, 671), (596, 695), (596, 879), (602, 727), (603, 791), (614, 711), (614, 772), (638, 711), (638, 688), (648, 744), (648, 842), (649, 684), (654, 732), (660, 774), (671, 774), (680, 826), (684, 890), (684, 889), (688, 879), (688, 911), (695, 831), (695, 816), (706, 821), (706, 889), (711, 837), (721, 879), (721, 862), (727, 904), (732, 845), (744, 842), (758, 873), (772, 879), (772, 898), (774, 904), (781, 831), (791, 984), (816, 984), (816, 985), (826, 985), (829, 973), (837, 953), (837, 1023), (842, 985), (845, 1035), (862, 1023), (873, 973), (879, 985), (879, 984), (890, 925), (898, 1023), (904, 989), (911, 1023), (925, 941), (925, 943), (943, 989), (973, 1035), (985, 1023)]
	Crossbar: 11
	Rows: 77
	Columns: 78
	Nodes: [2, 69, 83, 89, 123, 124, 144, 147, 148, 165, 230, 249, 265, 321, 324, 334, 355, 357, 388, 389, 406, 424, 436, 462, 473, 481, 495, 504, 514, 525, 543, 547, 559, 571, 576, 585, 592, 608, 612, 613, 616, 650, 689, 715, 724, 728, 739, 751, 761, 775, 796, 829, 833, 838, 844, 850, 859, 869, 878, 885, 886, 887, 932, 944, 954, 976, 980, 981, 992, 1007, 1009, 1019, 1020, 1023, 1026, 1058, 1059]
	Edges: [(2, 165), (69, 123), (83, 147), (89, 144), (123, 321), (124, 324), (147, 357), (148, 355), (165, 230), (230, 436), (249, 462), (265, 473), (321, 388), (324, 389), (334, 406), (334, 481), (355, 495), (357, 424), (388, 504), (389, 559), (406, 547), (406, 1058), (424, 571), (436, 543), (462, 514), (473, 525), (481, 1059), (495, 1058), (504, 608), (514, 650), (525, 613), (543, 585), (543, 1059), (559, 761), (576, 616), (585, 728), (585, 1059), (592, 751), (608, 689), (612, 775), (613, 715), (616, 1059), (616, 739), (650, 761), (715, 885), (724, 838), (724, 869), (728, 1059), (728, 796), (739, 886), (739, 833), (751, 829), (761, 878), (775, 850), (829, 980), (833, 954), (838, 1059), (838, 1009), (844, 1019), (850, 1019), (859, 1007), (869, 1059), (869, 992), (878, 981), (885, 980), (886, 976), (887, 980), (932, 1059), (944, 976), (944, 1059), (954, 1020), (976, 1020), (976, 1059), (980, 1019), (981, 1023), (1007, 1019), (1007, 1026), (1009, 1059)]
	Crossbar: 12
	Rows: 90
	Columns: 126
	Nodes: [116, 138, 164, 176, 241, 246, 256, 258, 280, 333, 352, 354, 379, 380, 399, 402, 422, 445, 452, 459, 468, 501, 507, 526, 530, 540, 553, 556, 570, 588, 593, 623, 626, 634, 640, 641, 654, 665, 693, 701, 718, 720, 734, 741, 749, 752, 755, 756, 764, 770, 771, 799, 848, 849, 854, 857, 860, 863, 892, 895, 896, 906, 914, 917, 928, 931, 945, 948, 951, 966, 967, 975, 978, 979, 996, 999, 1021, 1023, 1027, 1029, 1030, 1031, 1036, 1039, 1044, 1049, 1051, 1055, 1073, 1076]
	Edges: [(116, 452), (138, 241), (164, 258), (176, 246), (241, 445), (246, 459), (256, 402), (256, 1044), (258, 468), (258, 1051), (280, 379), (333, 452), (333, 399), (352, 380), (354, 422), (354, 1051), (379, 540), (379, 1051), (380, 553), (380, 1076), (399, 1051), (402, 507), (402, 1044), (422, 556), (422, 1051), (445, 530), (452, 1051), (459, 570), (468, 1051), (501, 1055), (501, 1073), (507, 634), (526, 640), (526, 1051), (530, 640), (530, 665), (540, 623), (540, 626), (553, 593), (553, 1051), (570, 641), (588, 752), (593, 764), (593, 1051), (623, 771), (626, 734), (634, 755), (634, 693), (640, 749), (640, 718), (641, 701), (654, 770), (665, 720), (665, 1051), (701, 857), (718, 860), (718, 1051), (720, 895), (720, 1051), (734, 906), (734, 849), (741, 1023), (749, 1051), (749, 892), (752, 914), (752, 1029), (755, 854), (755, 863), (756, 799), (764, 896), (770, 857), (771, 978), (771, 848), (799, 967), (799, 1051), (848, 966), (848, 996), (849, 1021), (849, 1051), (854, 1023), (857, 1023), (860, 1051), (860, 966), (892, 966), (892, 1051), (895, 1051), (896, 978), (896, 975), (906, 917), (906, 928), (914, 1029), (914, 1027), (917, 948), (917, 931), (928, 945), (928, 1051), (931, 951), (931, 966), (945, 1051), (945, 966), (948, 996), (948, 979), (951, 966), (951, 1051), (966, 1030), (966, 1051), (967, 1051), (975, 1051), (975, 1039), (978, 1051), (978, 1021), (979, 1021), (979, 1051), (996, 1039), (996, 1051), (999, 1029), (1021, 1051), (1027, 1049), (1030, 1039), (1031, 1036), (1031, 1051), (1036, 1051), (1039, 1051), (1044, 1076), (1049, 1076), (1055, 1073)]
	Crossbar: 13
	Rows: 79
	Columns: 77
	Nodes: [36, 50, 71, 82, 86, 91, 139, 150, 152, 189, 199, 223, 238, 267, 285, 345, 359, 360, 409, 413, 423, 427, 428, 476, 497, 503, 548, 549, 556, 564, 567, 572, 578, 588, 607, 618, 633, 635, 637, 649, 653, 663, 669, 672, 679, 694, 699, 717, 730, 731, 738, 743, 745, 757, 769, 777, 786, 801, 804, 807, 812, 813, 819, 827, 882, 890, 893, 897, 899, 903, 935, 942, 982, 983, 987, 988, 1017, 1026, 1049]
	Edges: [(36, 199), (50, 223), (71, 199), (82, 189), (86, 139), (91, 150), (139, 345), (150, 359), (152, 360), (189, 238), (199, 267), (223, 285), (267, 476), (285, 497), (345, 413), (359, 427), (360, 428), (409, 549), (423, 548), (427, 503), (428, 578), (476, 564), (497, 567), (503, 669), (548, 649), (549, 637), (549, 588), (556, 672), (564, 663), (567, 653), (572, 618), (578, 635), (588, 743), (607, 1026), (618, 699), (618, 777), (633, 730), (635, 786), (637, 679), (649, 745), (653, 731), (663, 757), (669, 738), (672, 699), (672, 694), (694, 812), (694, 813), (717, 813), (717, 801), (730, 804), (731, 807), (743, 903), (745, 897), (745, 1026), (769, 882), (777, 899), (777, 813), (786, 893), (801, 1049), (804, 987), (804, 1026), (807, 988), (813, 983), (813, 1049), (819, 1049), (827, 982), (827, 1049), (882, 1017), (890, 942), (893, 942), (897, 1026), (897, 987), (903, 982), (903, 983), (935, 1049), (987, 1017), (987, 1026)]
	Crossbar: 14
	Rows: 103
	Columns: 101
	Nodes: [19, 28, 57, 58, 94, 102, 103, 110, 115, 120, 129, 140, 153, 155, 170, 180, 196, 204, 217, 218, 232, 245, 250, 252, 253, 257, 264, 281, 282, 302, 313, 320, 331, 349, 351, 366, 383, 419, 423, 441, 444, 450, 458, 463, 464, 465, 466, 481, 494, 515, 517, 519, 528, 558, 598, 604, 625, 642, 646, 662, 674, 689, 693, 696, 707, 709, 710, 754, 759, 794, 809, 811, 812, 814, 817, 833, 834, 841, 865, 875, 877, 880, 891, 899, 916, 919, 926, 935, 947, 952, 954, 960, 977, 981, 988, 1006, 1008, 1009, 1011, 1042, 1047, 1058, 1076]
	Edges: [(19, 180), (28, 115), (28, 155), (57, 102), (57, 103), (58, 110), (94, 196), (94, 129), (102, 204), (103, 217), (110, 302), (115, 281), (115, 232), (120, 313), (129, 232), (140, 245), (153, 257), (155, 351), (170, 253), (180, 250), (196, 349), (196, 264), (217, 331), (218, 320), (245, 458), (250, 463), (252, 465), (253, 450), (257, 444), (264, 419), (264, 366), (282, 494), (313, 383), (320, 450), (320, 458), (331, 1076), (349, 423), (349, 481), (351, 441), (366, 1076), (383, 558), (423, 1058), (444, 877), (450, 1047), (458, 1047), (463, 515), (464, 528), (465, 519), (466, 517), (481, 1058), (515, 662), (517, 604), (519, 598), (528, 646), (558, 642), (598, 696), (604, 709), (625, 759), (642, 754), (646, 710), (662, 707), (674, 689), (689, 811), (693, 865), (693, 811), (696, 988), (707, 880), (709, 875), (759, 814), (794, 1009), (809, 954), (811, 1008), (812, 919), (812, 947), (814, 1006), (814, 977), (817, 1006), (817, 1009), (833, 1006), (834, 960), (834, 988), (841, 947), (865, 926), (875, 981), (877, 1047), (880, 960), (891, 988), (899, 916), (899, 947), (919, 935), (919, 947), (935, 947), (952, 1042), (954, 1011), (977, 1042), (977, 1011), (1006, 1011), (1006, 1042), (1009, 1011), (1011, 1042), (1058, 1076)]
	Crossbar: 15
	Rows: 93
	Columns: 100
	Nodes: [0, 34, 104, 105, 117, 134, 148, 157, 187, 201, 226, 268, 269, 278, 288, 312, 344, 346, 347, 384, 394, 409, 413, 414, 415, 477, 487, 494, 500, 505, 518, 532, 534, 546, 550, 555, 571, 582, 583, 586, 587, 589, 594, 599, 600, 619, 630, 655, 659, 664, 667, 683, 698, 719, 721, 729, 738, 750, 757, 760, 781, 785, 788, 793, 795, 797, 824, 844, 863, 894, 907, 908, 911, 923, 938, 942, 953, 958, 985, 1023, 1035, 1049, 1054, 1055, 1063, 1064, 1066, 1068, 1070, 1073, 1075, 1077, 1078]
	Edges: [(0, 1078), (34, 104), (34, 105), (104, 117), (105, 187), (134, 312), (134, 269), (148, 344), (157, 346), (157, 269), (201, 268), (226, 288), (268, 477), (278, 487), (288, 500), (312, 384), (344, 409), (344, 1049), (346, 415), (347, 414), (384, 550), (394, 546), (409, 1049), (413, 534), (414, 582), (415, 555), (477, 518), (487, 505), (494, 583), (500, 532), (505, 587), (518, 594), (518, 664), (532, 659), (534, 619), (546, 630), (550, 655), (555, 630), (571, 589), (582, 600), (583, 667), (586, 760), (587, 729), (589, 785), (589, 781), (599, 793), (600, 750), (600, 721), (619, 781), (630, 738), (655, 683), (659, 781), (664, 719), (667, 698), (667, 721), (683, 824), (683, 795), (698, 844), (698, 908), (719, 844), (729, 894), (738, 795), (750, 797), (750, 908), (757, 863), (760, 911), (785, 844), (785, 863), (788, 907), (788, 1023), (793, 795), (844, 1035), (863, 958), (894, 923), (894, 938), (907, 985), (907, 1023), (908, 953), (911, 1035), (923, 938), (938, 942), (953, 1035), (953, 1023), (1023, 1035), (1054, 1077), (1054, 1078), (1055, 1078), (1063, 1064), (1064, 1078), (1064, 1066), (1066, 1078), (1066, 1068), (1068, 1078), (1068, 1070), (1070, 1078), (1070, 1075), (1073, 1078), (1073, 1077), (1075, 1077), (1075, 1078)]
