Benchmark: in0
Inputs: 15
Outputs: 11
BDD type: SBDD
BDD construct time (s): 0.4407339096069336
	Output variables: f0, f1, f2, f3, f4, f5, f6, f7, f8, f9, f10
	Nodes: 385
	Edges: 766
	BDD show time (s): 0.07186269760131836
Partition alpha: 0.5
Partition D: 128
Partition K: 7
Partition ILP time (s): 3602.0736927986145
Partition status: Optimal
Partition objective S: 216.5
N: 7
I: 426
Roots: [0, 1, 2, 3, 4, 5, 6, 7, 8, 9, 10]
Terminal: [383]
Gap (%): 9.44
	Crossbar: 0
	Rows: 34
	Columns: 64
	Nodes: [33, 53, 57, 111, 130, 132, 150, 162, 173, 185, 189, 195, 209, 222, 227, 230, 239, 240, 247, 249, 253, 255, 256, 263, 268, 281, 290, 293, 301, 303, 314, 328, 334, 342]
	Edges: [(33, 57), (33, 53), (53, 132), (53, 253), (57, 130), (57, 111), (111, 162), (111, 342), (130, 173), (130, 189), (132, 150), (132, 185), (150, 247), (150, 227), (162, 342), (162, 222), (173, 230), (173, 195), (185, 342), (185, 239), (189, 209), (189, 240), (195, 342), (195, 314), (209, 342), (209, 281), (222, 342), (222, 268), (227, 263), (227, 342), (230, 301), (230, 249), (239, 342), (239, 256), (240, 255), (240, 293), (247, 342), (247, 334), (249, 301), (249, 342), (253, 342), (253, 281), (255, 342), (255, 328), (256, 290), (256, 328), (263, 342), (263, 290), (268, 290), (268, 303), (281, 342), (281, 314), (290, 342), (290, 328), (293, 314), (293, 328), (301, 314), (301, 342), (303, 328), (303, 342), (314, 334), (314, 342), (328, 342), (328, 334)]
	Crossbar: 1
	Rows: 84
	Columns: 115
	Nodes: [0, 1, 8, 13, 14, 21, 28, 38, 43, 50, 56, 61, 66, 67, 80, 82, 89, 91, 93, 100, 102, 103, 107, 112, 113, 115, 121, 124, 133, 135, 136, 137, 140, 141, 144, 145, 151, 153, 161, 163, 167, 172, 181, 182, 183, 186, 187, 198, 202, 205, 212, 214, 215, 217, 224, 226, 228, 229, 232, 236, 245, 246, 248, 251, 254, 257, 261, 264, 269, 270, 285, 289, 292, 295, 296, 297, 302, 307, 308, 309, 316, 326, 349, 380]
	Edges: [(0, 14), (1, 28), (1, 13), (8, 21), (13, 43), (14, 38), (21, 50), (38, 56), (38, 61), (43, 89), (43, 80), (50, 66), (50, 82), (56, 107), (56, 103), (61, 115), (61, 296), (66, 100), (66, 112), (67, 91), (80, 135), (80, 285), (82, 121), (82, 251), (89, 93), (89, 91), (91, 349), (93, 167), (100, 163), (100, 183), (102, 172), (103, 182), (107, 153), (107, 136), (112, 187), (113, 181), (115, 349), (115, 137), (121, 141), (121, 186), (124, 144), (133, 161), (135, 151), (135, 140), (136, 226), (136, 232), (137, 349), (140, 326), (141, 236), (141, 228), (144, 202), (145, 215), (151, 229), (153, 292), (153, 326), (161, 316), (163, 217), (163, 212), (167, 198), (172, 292), (172, 246), (181, 212), (182, 214), (183, 245), (186, 212), (186, 205), (187, 224), (198, 296), (198, 285), (202, 349), (202, 248), (205, 261), (212, 254), (214, 326), (215, 257), (215, 297), (217, 292), (224, 316), (226, 289), (228, 270), (229, 302), (232, 307), (236, 349), (245, 254), (245, 269), (246, 264), (246, 292), (248, 296), (248, 309), (251, 285), (254, 297), (257, 308), (257, 309), (261, 316), (264, 292), (269, 292), (269, 297), (270, 302), (285, 326), (289, 349), (289, 316), (292, 326), (295, 326), (296, 316), (296, 349), (297, 316), (302, 316), (307, 326), (307, 316), (308, 349), (309, 349), (309, 326), (316, 349), (326, 349), (349, 380)]
	Crossbar: 2
	Rows: 88
	Columns: 127
	Nodes: [2, 7, 9, 10, 11, 12, 17, 18, 20, 22, 24, 27, 28, 32, 34, 41, 42, 47, 65, 67, 68, 69, 72, 73, 76, 88, 92, 96, 104, 106, 108, 113, 117, 123, 124, 126, 127, 133, 134, 145, 147, 148, 152, 156, 160, 177, 178, 184, 188, 191, 192, 193, 196, 200, 213, 225, 233, 242, 244, 250, 259, 266, 272, 283, 295, 298, 305, 310, 311, 312, 318, 319, 325, 327, 330, 336, 337, 339, 344, 349, 368, 369, 370, 372, 374, 377, 379, 382]
	Edges: [(2, 12), (2, 20), (7, 17), (7, 27), (9, 11), (10, 18), (10, 24), (11, 96), (11, 42), (12, 370), (12, 108), (17, 370), (17, 349), (18, 370), (20, 47), (20, 34), (22, 344), (24, 337), (24, 41), (27, 47), (27, 32), (28, 370), (28, 126), (32, 72), (32, 88), (34, 67), (34, 68), (41, 65), (42, 76), (42, 69), (47, 339), (47, 73), (68, 106), (69, 113), (69, 123), (72, 127), (72, 134), (73, 117), (73, 339), (76, 133), (76, 124), (88, 92), (88, 104), (92, 370), (92, 152), (96, 193), (96, 178), (104, 250), (104, 188), (106, 184), (106, 156), (108, 349), (108, 147), (117, 330), (117, 160), (123, 177), (126, 147), (127, 192), (127, 148), (133, 145), (134, 191), (134, 370), (147, 349), (147, 200), (148, 196), (148, 213), (152, 370), (152, 372), (156, 200), (160, 330), (160, 339), (177, 233), (178, 336), (184, 349), (188, 319), (188, 242), (191, 370), (191, 244), (192, 225), (192, 370), (193, 336), (196, 372), (196, 319), (200, 349), (213, 310), (225, 311), (225, 283), (233, 305), (242, 266), (242, 259), (244, 312), (244, 272), (250, 319), (250, 283), (259, 295), (259, 318), (266, 283), (266, 319), (272, 372), (272, 327), (283, 372), (283, 319), (295, 318), (298, 327), (305, 325), (310, 327), (310, 372), (311, 327), (311, 370), (312, 319), (312, 370), (318, 370), (319, 370), (319, 372), (325, 372), (327, 372), (327, 370), (336, 369), (337, 372), (344, 368), (344, 370), (368, 382), (369, 379), (372, 377), (374, 382), (374, 377), (379, 382)]
	Crossbar: 3
	Rows: 75
	Columns: 127
	Nodes: [5, 6, 8, 16, 22, 23, 26, 29, 33, 37, 39, 40, 48, 52, 62, 75, 77, 78, 81, 83, 86, 95, 98, 99, 101, 105, 109, 114, 119, 125, 138, 142, 146, 154, 159, 164, 165, 166, 169, 174, 176, 197, 201, 208, 211, 216, 220, 221, 223, 235, 243, 258, 267, 275, 277, 282, 284, 288, 294, 300, 317, 321, 332, 333, 334, 341, 342, 346, 348, 349, 352, 355, 356, 359, 381]
	Edges: [(5, 23), (6, 22), (6, 16), (8, 26), (16, 48), (16, 33), (22, 114), (23, 39), (23, 52), (26, 98), (29, 37), (37, 77), (37, 81), (40, 78), (40, 83), (48, 333), (48, 62), (52, 75), (52, 86), (62, 119), (62, 333), (75, 105), (75, 109), (77, 333), (77, 332), (78, 99), (78, 95), (81, 332), (81, 275), (83, 95), (83, 125), (86, 101), (86, 288), (95, 352), (95, 138), (98, 355), (98, 142), (99, 356), (99, 146), (101, 174), (101, 164), (105, 176), (105, 154), (109, 159), (109, 332), (114, 342), (114, 165), (119, 332), (119, 169), (125, 277), (125, 166), (138, 352), (138, 211), (142, 355), (142, 208), (146, 356), (146, 211), (154, 216), (154, 243), (159, 348), (159, 220), (164, 197), (164, 332), (165, 342), (165, 223), (166, 277), (166, 211), (169, 332), (169, 333), (174, 348), (174, 235), (176, 221), (176, 201), (197, 267), (197, 332), (201, 317), (201, 348), (208, 355), (208, 346), (211, 356), (211, 352), (216, 332), (216, 284), (220, 332), (220, 258), (221, 282), (221, 332), (223, 342), (223, 341), (235, 294), (235, 317), (243, 258), (243, 267), (258, 332), (258, 317), (267, 332), (267, 300), (275, 332), (275, 333), (277, 352), (277, 356), (282, 321), (282, 332), (284, 317), (284, 348), (288, 332), (288, 321), (294, 332), (294, 317), (300, 317), (300, 332), (317, 332), (317, 348), (321, 348), (321, 332), (332, 356), (334, 359), (334, 349), (341, 355), (341, 349), (342, 355), (346, 359), (346, 355), (348, 352), (348, 349), (352, 381), (356, 381)]
	Crossbar: 4
	Rows: 69
	Columns: 119
	Nodes: [4, 13, 15, 19, 35, 36, 39, 44, 45, 51, 54, 59, 64, 71, 74, 79, 85, 87, 97, 110, 118, 122, 129, 149, 155, 157, 171, 175, 179, 207, 210, 213, 218, 234, 262, 271, 273, 274, 287, 298, 306, 320, 324, 330, 333, 335, 339, 340, 343, 350, 355, 358, 359, 360, 361, 362, 365, 366, 367, 370, 371, 373, 375, 376, 377, 378, 381, 382, 383]
	Edges: [(4, 19), (4, 15), (13, 35), (15, 51), (15, 36), (19, 44), (19, 45), (35, 340), (35, 54), (36, 71), (36, 382), (39, 59), (39, 79), (44, 64), (44, 365), (45, 74), (45, 382), (51, 87), (51, 85), (54, 122), (54, 340), (59, 333), (59, 343), (64, 365), (64, 350), (71, 129), (71, 97), (74, 382), (74, 110), (79, 118), (79, 274), (85, 273), (87, 339), (97, 171), (97, 382), (110, 373), (110, 157), (118, 335), (118, 155), (122, 366), (122, 175), (129, 149), (129, 179), (149, 210), (149, 234), (155, 335), (155, 343), (157, 373), (157, 218), (171, 373), (171, 382), (175, 366), (175, 340), (179, 207), (179, 382), (207, 382), (207, 320), (210, 306), (210, 382), (213, 262), (218, 382), (218, 373), (234, 271), (234, 320), (262, 298), (262, 370), (271, 287), (271, 382), (273, 366), (274, 343), (274, 333), (287, 320), (287, 382), (298, 370), (306, 324), (306, 382), (320, 382), (320, 373), (324, 373), (324, 382), (330, 366), (330, 362), (333, 381), (335, 367), (335, 362), (339, 358), (339, 362), (340, 358), (340, 366), (343, 360), (343, 362), (350, 383), (355, 383), (355, 382), (358, 376), (358, 381), (359, 383), (359, 375), (360, 378), (360, 381), (361, 383), (361, 377), (362, 376), (362, 377), (365, 382), (366, 376), (367, 378), (370, 381), (371, 382), (373, 382), (373, 375), (375, 382), (375, 383), (376, 382), (377, 381), (378, 383), (378, 381), (381, 383), (382, 383)]
	Crossbar: 5
	Rows: 76
	Columns: 128
	Nodes: [3, 5, 25, 26, 29, 30, 31, 40, 46, 49, 55, 58, 60, 63, 65, 70, 84, 90, 94, 102, 116, 120, 128, 131, 139, 143, 158, 168, 170, 180, 190, 194, 199, 203, 204, 206, 219, 231, 237, 238, 241, 252, 260, 265, 276, 278, 279, 280, 286, 291, 299, 304, 313, 315, 322, 323, 329, 331, 338, 345, 347, 351, 352, 353, 354, 357, 361, 363, 364, 368, 371, 374, 380, 381, 382, 383]
	Edges: [(3, 30), (3, 29), (5, 25), (25, 353), (25, 40), (26, 353), (29, 49), (30, 31), (30, 46), (31, 70), (31, 63), (46, 84), (46, 55), (49, 58), (49, 60), (55, 364), (55, 94), (58, 90), (58, 116), (60, 128), (60, 120), (63, 368), (63, 278), (65, 102), (70, 353), (70, 368), (84, 131), (84, 364), (90, 180), (90, 158), (94, 364), (94, 139), (116, 168), (116, 331), (120, 279), (120, 170), (128, 143), (128, 194), (131, 364), (131, 190), (139, 364), (139, 199), (143, 347), (143, 206), (158, 238), (158, 219), (168, 331), (168, 237), (170, 279), (170, 231), (180, 203), (180, 204), (190, 364), (190, 241), (194, 331), (194, 347), (199, 364), (199, 276), (203, 304), (203, 331), (204, 331), (204, 323), (206, 291), (206, 331), (219, 260), (219, 265), (231, 279), (231, 252), (237, 286), (237, 329), (238, 347), (238, 279), (241, 364), (241, 363), (252, 313), (252, 280), (260, 331), (260, 286), (265, 299), (265, 347), (276, 364), (276, 363), (278, 368), (278, 353), (279, 329), (279, 347), (280, 322), (280, 315), (286, 329), (286, 331), (291, 331), (291, 329), (299, 323), (299, 347), (304, 323), (304, 331), (313, 329), (313, 315), (315, 338), (315, 347), (322, 345), (322, 347), (323, 347), (323, 331), (329, 331), (329, 347), (331, 361), (331, 374), (338, 363), (338, 351), (345, 364), (345, 354), (347, 357), (347, 371), (351, 382), (351, 380), (352, 380), (353, 381), (353, 383), (354, 382), (357, 383), (357, 381), (363, 383), (363, 380), (364, 383), (368, 381), (371, 381), (380, 381)]
