Benchmark: misex3
Inputs: 14
Outputs: 14
BDD type: SBDD
BDD construct time (s): 0.5245592594146729
	Output variables: f0, f1, f2, f3, f4, f5, f6, f7, f8, f9, f10, f11, f12, f13
	Nodes: 674
	Edges: 1344
	BDD show time (s): 0.07929825782775879
Partition alpha: 0.5
Partition D: 128
Partition K: 11
Partition ILP time (s): 3601.6540892124176
Partition status: Optimal
Partition objective S: 397.5
N: 10
I: 785
Roots: [0, 1, 2, 3, 4, 5, 6, 7, 8, 9, 10, 11, 12, 13]
Terminal: [672]
Gap (%): 14.25
	Crossbar: 0
	Rows: 97
	Columns: 125
	Nodes: [53, 102, 131, 143, 145, 153, 167, 181, 184, 191, 236, 246, 247, 257, 259, 266, 267, 269, 277, 282, 289, 293, 299, 300, 305, 343, 346, 355, 368, 369, 388, 400, 401, 402, 413, 430, 433, 441, 443, 450, 453, 464, 485, 488, 491, 492, 494, 499, 501, 503, 504, 517, 519, 523, 526, 530, 534, 536, 537, 539, 542, 544, 549, 550, 555, 556, 557, 559, 560, 565, 566, 567, 570, 572, 577, 578, 583, 587, 600, 604, 606, 608, 610, 622, 623, 628, 632, 639, 642, 649, 650, 651, 659, 669, 670, 671, 672]
	Edges: [(53, 143), (53, 102), (102, 153), (131, 257), (131, 167), (143, 236), (145, 259), (145, 247), (153, 267), (153, 368), (167, 346), (181, 266), (181, 369), (184, 267), (184, 388), (191, 355), (191, 299), (236, 300), (236, 269), (246, 305), (247, 443), (247, 293), (257, 267), (259, 289), (259, 343), (267, 523), (269, 499), (277, 433), (282, 401), (289, 441), (289, 491), (293, 441), (293, 672), (299, 441), (299, 402), (300, 530), (305, 542), (343, 443), (343, 491), (346, 499), (355, 413), (355, 450), (368, 517), (368, 534), (369, 464), (369, 400), (388, 504), (388, 503), (400, 536), (400, 526), (401, 488), (401, 491), (402, 491), (402, 672), (413, 492), (413, 491), (430, 494), (433, 536), (433, 501), (441, 539), (441, 491), (443, 539), (443, 672), (450, 485), (450, 491), (453, 526), (464, 523), (485, 539), (488, 672), (488, 539), (491, 539), (491, 672), (492, 539), (501, 560), (503, 583), (504, 549), (517, 577), (519, 578), (519, 567), (523, 555), (530, 577), (534, 570), (537, 557), (537, 565), (539, 556), (539, 544), (542, 550), (542, 560), (544, 642), (544, 672), (549, 608), (550, 604), (555, 604), (556, 606), (557, 628), (559, 610), (559, 587), (560, 600), (565, 671), (566, 623), (566, 622), (567, 639), (570, 622), (572, 623), (577, 623), (583, 623), (583, 608), (587, 642), (587, 672), (604, 632), (606, 650), (606, 659), (608, 659), (610, 650), (610, 651), (622, 669), (623, 632), (628, 670), (639, 671), (642, 670), (642, 669), (649, 669), (650, 670), (651, 670), (659, 669)]
	Crossbar: 1
	Rows: 90
	Columns: 122
	Nodes: [11, 22, 24, 31, 37, 38, 49, 52, 53, 54, 61, 62, 65, 74, 86, 99, 100, 111, 113, 126, 128, 130, 138, 141, 159, 162, 163, 177, 178, 185, 200, 203, 204, 210, 211, 215, 216, 228, 229, 237, 251, 253, 260, 263, 268, 272, 274, 285, 291, 294, 304, 307, 321, 322, 323, 324, 327, 328, 348, 349, 357, 359, 365, 376, 406, 409, 429, 430, 436, 438, 442, 456, 459, 460, 473, 474, 476, 479, 482, 493, 516, 520, 522, 526, 562, 582, 584, 625, 647, 666]
	Edges: [(11, 37), (11, 38), (22, 61), (22, 74), (24, 62), (31, 65), (37, 52), (38, 54), (38, 53), (49, 126), (52, 138), (54, 141), (61, 99), (61, 113), (62, 100), (62, 111), (65, 86), (74, 128), (74, 130), (86, 200), (86, 159), (99, 162), (99, 228), (100, 163), (100, 229), (111, 251), (111, 177), (113, 253), (113, 178), (126, 204), (126, 210), (128, 215), (128, 216), (130, 211), (138, 260), (141, 185), (159, 272), (162, 322), (162, 348), (163, 321), (163, 349), (177, 459), (177, 294), (178, 357), (200, 359), (203, 376), (204, 291), (204, 268), (210, 291), (210, 307), (211, 526), (211, 365), (215, 365), (215, 285), (216, 526), (216, 285), (228, 328), (228, 357), (229, 327), (229, 294), (237, 274), (251, 324), (251, 263), (253, 323), (263, 459), (263, 493), (268, 409), (268, 456), (272, 436), (274, 442), (274, 562), (285, 526), (291, 456), (291, 526), (294, 473), (304, 438), (304, 582), (307, 409), (307, 526), (321, 429), (321, 493), (322, 430), (322, 479), (323, 474), (323, 479), (324, 473), (324, 493), (327, 473), (327, 429), (328, 474), (328, 430), (348, 474), (348, 406), (349, 473), (349, 460), (357, 474), (365, 526), (376, 438), (406, 479), (409, 526), (429, 482), (429, 493), (430, 479), (436, 476), (438, 582), (442, 516), (442, 562), (456, 526), (459, 520), (460, 493), (473, 520), (473, 493), (474, 479), (476, 522), (482, 520), (493, 520), (516, 562), (522, 584), (526, 582), (584, 625), (625, 647), (647, 666)]
	Crossbar: 2
	Rows: 86
	Columns: 114
	Nodes: [71, 78, 87, 94, 95, 121, 127, 160, 166, 194, 202, 220, 226, 232, 238, 242, 258, 260, 264, 266, 270, 286, 288, 297, 306, 309, 312, 326, 329, 334, 338, 342, 344, 350, 352, 354, 359, 366, 373, 374, 381, 391, 393, 412, 414, 416, 417, 418, 419, 421, 423, 431, 434, 437, 445, 455, 457, 458, 475, 477, 483, 484, 487, 495, 497, 499, 519, 524, 528, 530, 533, 536, 543, 550, 552, 554, 573, 580, 582, 592, 600, 603, 613, 635, 641, 667]
	Edges: [(71, 121), (71, 95), (78, 127), (87, 329), (87, 288), (94, 220), (95, 166), (95, 226), (121, 352), (121, 366), (127, 202), (127, 242), (160, 286), (166, 264), (166, 306), (194, 334), (202, 338), (202, 350), (220, 297), (226, 458), (226, 366), (232, 344), (232, 326), (238, 354), (242, 374), (258, 393), (258, 309), (260, 373), (260, 391), (264, 484), (264, 458), (266, 434), (266, 582), (270, 418), (270, 419), (286, 528), (288, 412), (297, 437), (297, 423), (306, 458), (309, 431), (312, 536), (326, 457), (326, 484), (329, 457), (329, 458), (334, 431), (334, 457), (338, 475), (338, 484), (342, 455), (344, 431), (344, 484), (350, 475), (350, 458), (352, 417), (352, 458), (354, 431), (354, 458), (359, 418), (359, 414), (366, 484), (373, 416), (374, 417), (381, 414), (391, 421), (391, 445), (393, 431), (393, 475), (412, 519), (414, 495), (416, 530), (417, 484), (418, 487), (419, 477), (421, 536), (423, 536), (431, 519), (431, 484), (434, 497), (434, 582), (437, 528), (445, 499), (455, 524), (457, 483), (458, 484), (475, 483), (475, 484), (477, 499), (483, 519), (484, 519), (487, 530), (495, 533), (497, 543), (497, 582), (499, 580), (524, 582), (528, 554), (533, 580), (533, 552), (536, 550), (550, 603), (552, 613), (554, 603), (554, 613), (573, 603), (573, 592), (580, 603), (592, 641), (600, 635), (603, 635), (613, 641), (635, 667), (641, 667)]
	Crossbar: 3
	Rows: 91
	Columns: 127
	Nodes: [2, 3, 5, 10, 13, 16, 18, 24, 27, 29, 32, 34, 36, 40, 47, 49, 58, 67, 69, 72, 73, 76, 77, 78, 87, 89, 91, 96, 97, 101, 105, 107, 110, 112, 125, 129, 135, 139, 142, 146, 154, 156, 161, 169, 171, 176, 180, 187, 195, 201, 203, 205, 213, 219, 223, 224, 232, 237, 243, 244, 252, 255, 256, 284, 287, 292, 301, 304, 331, 333, 336, 340, 342, 347, 361, 362, 363, 364, 379, 385, 409, 410, 411, 446, 452, 453, 454, 516, 527, 562, 582]
	Edges: [(2, 27), (2, 34), (3, 32), (5, 18), (5, 36), (10, 16), (10, 24), (13, 29), (13, 40), (16, 47), (18, 67), (24, 76), (27, 73), (29, 77), (32, 49), (34, 69), (36, 87), (36, 72), (40, 78), (40, 58), (47, 107), (47, 89), (49, 105), (58, 135), (58, 97), (67, 110), (67, 91), (69, 146), (69, 112), (72, 101), (73, 125), (73, 96), (76, 129), (76, 139), (77, 252), (78, 142), (89, 195), (89, 161), (91, 169), (91, 224), (96, 244), (96, 156), (97, 223), (101, 171), (101, 223), (105, 256), (105, 362), (107, 237), (107, 187), (110, 180), (110, 255), (112, 176), (125, 203), (125, 154), (129, 213), (129, 201), (135, 171), (139, 219), (142, 232), (146, 205), (146, 361), (154, 385), (154, 284), (156, 362), (156, 284), (161, 333), (161, 364), (169, 452), (171, 331), (171, 361), (176, 361), (180, 336), (180, 284), (187, 562), (187, 292), (195, 454), (195, 411), (201, 562), (201, 363), (203, 284), (205, 361), (213, 340), (213, 363), (219, 562), (219, 347), (223, 582), (224, 342), (237, 301), (243, 452), (243, 409), (244, 284), (244, 409), (252, 304), (252, 284), (255, 287), (255, 379), (256, 409), (256, 362), (284, 452), (287, 409), (287, 452), (292, 454), (292, 527), (301, 454), (301, 446), (331, 582), (333, 411), (333, 410), (336, 452), (340, 516), (340, 562), (342, 409), (347, 527), (361, 582), (362, 409), (363, 562), (364, 454), (379, 452), (379, 409), (385, 453), (410, 516), (411, 527), (446, 527), (452, 582), (453, 582), (454, 562), (527, 562)]
	Crossbar: 4
	Rows: 103
	Columns: 122
	Nodes: [0, 1, 4, 7, 8, 14, 17, 19, 20, 21, 23, 28, 30, 31, 33, 41, 42, 44, 45, 50, 56, 60, 64, 66, 68, 70, 71, 75, 79, 81, 82, 83, 84, 85, 93, 94, 98, 117, 118, 122, 131, 133, 136, 137, 140, 145, 149, 150, 160, 168, 174, 181, 184, 186, 191, 197, 209, 212, 225, 235, 241, 243, 245, 246, 249, 250, 254, 271, 276, 277, 279, 282, 312, 316, 317, 320, 332, 339, 351, 356, 381, 384, 386, 387, 398, 403, 425, 439, 441, 448, 449, 471, 500, 511, 521, 538, 540, 543, 548, 572, 573, 627, 649]
	Edges: [(0, 33), (0, 17), (1, 14), (1, 30), (4, 19), (4, 21), (7, 23), (7, 31), (8, 28), (8, 20), (14, 64), (17, 50), (17, 41), (19, 56), (20, 71), (20, 70), (21, 66), (21, 42), (23, 60), (28, 79), (30, 75), (30, 44), (31, 45), (33, 68), (41, 98), (41, 81), (44, 149), (44, 93), (45, 84), (45, 117), (50, 133), (60, 150), (64, 137), (64, 118), (66, 140), (66, 145), (68, 94), (70, 85), (70, 131), (75, 122), (75, 136), (79, 82), (79, 83), (81, 160), (81, 184), (82, 181), (83, 243), (84, 246), (85, 249), (93, 254), (98, 245), (117, 209), (118, 241), (118, 197), (133, 174), (137, 168), (137, 225), (140, 191), (140, 186), (149, 250), (149, 235), (150, 212), (168, 317), (168, 356), (174, 381), (186, 282), (186, 271), (197, 384), (197, 279), (209, 320), (212, 386), (212, 277), (225, 548), (225, 351), (235, 548), (235, 276), (241, 403), (241, 449), (245, 312), (246, 316), (249, 339), (249, 312), (250, 387), (250, 276), (254, 548), (254, 332), (271, 441), (276, 548), (277, 398), (279, 403), (282, 441), (316, 538), (317, 471), (317, 548), (320, 540), (332, 500), (339, 521), (351, 403), (351, 500), (356, 403), (356, 439), (384, 449), (384, 448), (386, 425), (387, 511), (387, 548), (398, 540), (403, 548), (425, 538), (439, 500), (448, 511), (449, 500), (471, 511), (471, 548), (500, 548), (511, 548), (521, 543), (538, 572), (540, 573), (543, 627), (572, 627), (627, 649)]
	Crossbar: 5
	Rows: 86
	Columns: 127
	Nodes: [3, 9, 22, 26, 35, 48, 51, 80, 90, 92, 108, 134, 147, 148, 158, 164, 172, 178, 188, 190, 198, 199, 214, 217, 227, 239, 253, 261, 262, 273, 275, 296, 303, 308, 311, 314, 325, 335, 345, 389, 390, 392, 405, 420, 426, 444, 464, 465, 466, 468, 469, 470, 472, 474, 479, 490, 494, 496, 509, 512, 531, 541, 546, 548, 558, 561, 576, 582, 589, 590, 599, 602, 605, 607, 611, 617, 619, 628, 639, 653, 654, 657, 661, 665, 666, 671]
	Edges: [(3, 22), (9, 26), (9, 35), (26, 48), (35, 80), (35, 51), (48, 108), (48, 92), (51, 90), (51, 147), (80, 134), (80, 148), (90, 158), (90, 199), (92, 198), (92, 164), (108, 239), (108, 188), (134, 214), (134, 172), (147, 217), (148, 190), (148, 227), (158, 345), (158, 308), (164, 335), (164, 311), (172, 261), (172, 314), (178, 405), (188, 576), (188, 296), (190, 390), (190, 325), (198, 420), (198, 466), (199, 576), (199, 308), (214, 389), (214, 273), (217, 576), (217, 392), (227, 468), (227, 314), (239, 275), (239, 303), (253, 262), (261, 426), (261, 470), (262, 405), (262, 479), (273, 426), (273, 469), (275, 444), (275, 576), (296, 420), (296, 509), (303, 420), (303, 472), (308, 576), (311, 420), (314, 426), (325, 468), (325, 496), (335, 466), (335, 465), (345, 531), (345, 576), (389, 470), (389, 496), (390, 426), (390, 496), (392, 509), (405, 541), (420, 576), (426, 512), (426, 496), (444, 531), (444, 576), (464, 582), (465, 531), (466, 509), (468, 512), (469, 496), (470, 490), (470, 496), (472, 509), (474, 541), (479, 541), (490, 512), (494, 541), (496, 512), (509, 576), (512, 561), (531, 576), (541, 558), (541, 546), (546, 607), (548, 602), (548, 605), (558, 611), (558, 589), (561, 617), (561, 590), (576, 619), (582, 599), (582, 607), (589, 661), (590, 671), (590, 653), (599, 654), (602, 628), (605, 671), (607, 639), (611, 654), (617, 628), (617, 657), (619, 628), (619, 671), (628, 671), (639, 661), (653, 666), (653, 665), (654, 671), (661, 671), (665, 671), (666, 671)]
	Crossbar: 6
	Rows: 58
	Columns: 77
	Nodes: [6, 25, 34, 43, 57, 63, 109, 114, 115, 116, 117, 122, 136, 155, 170, 175, 183, 192, 194, 206, 238, 240, 258, 302, 338, 360, 370, 372, 375, 380, 407, 408, 412, 415, 462, 478, 481, 520, 537, 545, 562, 579, 588, 592, 595, 616, 620, 631, 632, 636, 643, 645, 650, 658, 666, 667, 668, 672]
	Edges: [(6, 25), (25, 57), (25, 63), (34, 43), (43, 109), (43, 116), (57, 115), (63, 114), (109, 240), (109, 194), (114, 183), (115, 238), (115, 258), (116, 240), (116, 175), (117, 183), (122, 192), (122, 155), (136, 170), (136, 206), (155, 375), (155, 360), (170, 372), (170, 302), (175, 412), (192, 370), (192, 380), (206, 407), (206, 360), (238, 338), (240, 338), (302, 407), (302, 481), (360, 415), (370, 462), (370, 481), (372, 415), (372, 481), (375, 415), (375, 462), (380, 415), (380, 408), (407, 537), (408, 481), (415, 537), (415, 481), (462, 478), (462, 481), (478, 537), (481, 537), (520, 579), (520, 545), (545, 636), (562, 620), (562, 588), (579, 616), (579, 595), (588, 636), (592, 632), (595, 631), (595, 645), (616, 658), (616, 643), (620, 658), (620, 631), (631, 668), (631, 666), (632, 666), (636, 666), (636, 668), (643, 667), (643, 668), (645, 668), (650, 666), (658, 667), (658, 666), (668, 672)]
	Crossbar: 7
	Rows: 72
	Columns: 128
	Nodes: [42, 56, 106, 120, 123, 132, 151, 157, 165, 173, 196, 218, 230, 234, 265, 271, 281, 298, 310, 330, 341, 353, 377, 378, 395, 396, 397, 399, 432, 435, 451, 461, 485, 486, 498, 502, 507, 508, 510, 513, 515, 518, 525, 532, 547, 551, 553, 559, 563, 564, 574, 581, 585, 586, 591, 593, 596, 597, 599, 601, 609, 618, 624, 629, 630, 637, 652, 656, 661, 663, 671, 672]
	Edges: [(42, 106), (42, 123), (56, 132), (56, 120), (106, 234), (106, 173), (120, 218), (120, 157), (123, 230), (123, 165), (132, 151), (132, 196), (151, 281), (151, 378), (157, 310), (157, 330), (165, 377), (165, 508), (173, 559), (173, 265), (196, 559), (196, 341), (218, 397), (218, 435), (230, 559), (230, 395), (234, 353), (234, 298), (265, 559), (265, 672), (271, 432), (281, 451), (281, 559), (298, 559), (298, 502), (310, 435), (310, 399), (330, 397), (330, 672), (341, 397), (341, 498), (353, 510), (353, 559), (377, 507), (377, 672), (378, 461), (378, 396), (395, 513), (395, 498), (396, 507), (396, 532), (397, 559), (397, 672), (399, 515), (399, 672), (432, 486), (432, 672), (435, 498), (435, 672), (451, 510), (451, 559), (461, 559), (461, 513), (485, 525), (486, 672), (486, 518), (498, 559), (498, 672), (502, 574), (502, 581), (507, 574), (507, 672), (508, 672), (508, 564), (510, 563), (510, 559), (513, 585), (513, 672), (515, 672), (515, 559), (518, 551), (518, 672), (525, 553), (525, 547), (532, 559), (532, 581), (547, 609), (547, 672), (551, 672), (551, 596), (553, 618), (553, 672), (563, 601), (563, 593), (564, 601), (564, 597), (574, 618), (574, 586), (581, 624), (581, 672), (585, 618), (585, 591), (586, 672), (586, 637), (591, 656), (591, 637), (593, 672), (593, 629), (597, 672), (597, 661), (599, 630), (609, 656), (609, 672), (618, 652), (618, 672), (624, 672), (624, 652), (629, 661), (629, 672), (630, 672), (630, 671), (652, 672), (652, 663), (656, 663), (656, 672), (663, 671), (663, 672), (671, 672)]
	Crossbar: 8
	Rows: 43
	Columns: 61
	Nodes: [102, 167, 183, 193, 313, 318, 492, 506, 529, 536, 556, 566, 568, 569, 575, 578, 594, 596, 598, 601, 612, 615, 621, 626, 633, 634, 637, 638, 640, 646, 648, 654, 655, 657, 660, 661, 662, 664, 665, 667, 669, 670, 672]
	Edges: [(102, 193), (167, 318), (183, 313), (183, 529), (193, 313), (313, 536), (318, 529), (492, 506), (506, 575), (506, 672), (529, 566), (556, 598), (568, 626), (569, 621), (569, 615), (575, 601), (575, 672), (578, 594), (578, 612), (594, 654), (594, 640), (596, 672), (596, 660), (598, 669), (598, 638), (601, 637), (601, 672), (612, 661), (612, 655), (615, 633), (615, 634), (621, 646), (621, 634), (626, 646), (626, 648), (633, 661), (633, 667), (634, 662), (637, 664), (637, 672), (638, 665), (638, 662), (640, 672), (640, 661), (646, 670), (648, 672), (654, 664), (655, 662), (655, 665), (657, 662), (657, 661), (660, 672), (660, 664), (661, 672), (662, 672), (662, 670), (664, 670), (664, 672), (667, 670), (669, 670), (670, 672)]
	Crossbar: 9
	Rows: 59
	Columns: 91
	Nodes: [12, 15, 39, 46, 55, 59, 88, 103, 104, 119, 124, 144, 152, 179, 182, 185, 189, 207, 208, 221, 222, 231, 233, 248, 270, 278, 280, 283, 290, 295, 315, 319, 337, 358, 367, 371, 382, 383, 394, 404, 422, 424, 427, 428, 440, 447, 463, 467, 480, 489, 505, 514, 535, 568, 569, 571, 614, 644, 671]
	Edges: [(12, 15), (12, 39), (15, 55), (39, 46), (39, 59), (46, 144), (46, 88), (55, 124), (55, 104), (59, 103), (59, 119), (88, 208), (88, 248), (103, 179), (103, 222), (104, 221), (104, 182), (119, 233), (124, 152), (124, 207), (144, 231), (144, 189), (152, 295), (152, 319), (179, 371), (179, 382), (182, 367), (182, 383), (185, 270), (189, 283), (189, 394), (207, 568), (207, 315), (208, 280), (208, 358), (221, 467), (221, 424), (222, 568), (222, 382), (231, 278), (231, 290), (233, 568), (233, 337), (248, 427), (248, 394), (278, 404), (278, 489), (280, 447), (280, 489), (283, 447), (283, 404), (290, 447), (290, 428), (295, 463), (295, 568), (315, 467), (315, 535), (319, 467), (319, 440), (337, 535), (358, 427), (358, 489), (367, 424), (367, 422), (371, 514), (371, 568), (382, 568), (383, 467), (394, 447), (404, 480), (404, 489), (422, 514), (424, 535), (427, 505), (428, 489), (440, 535), (447, 505), (447, 489), (463, 514), (463, 568), (467, 568), (480, 505), (489, 505), (505, 569), (505, 571), (514, 568), (535, 568), (568, 614), (571, 644), (614, 644), (644, 671)]
