Benchmark: pdc
Inputs: 16
Outputs: 40
BDD type: SBDD
BDD construct time (s): 0.7330331802368164
	Output variables: f0, f1, f2, f3, f4, f5, f6, f7, f8, f9, f10, f11, f12, f13, f14, f15, f16, f17, f18, f19, f20, f21, f22, f23, f24, f25, f26, f27, f28, f29, f30, f31, f32, f33, f34, f35, f36, f37, f38, f39
	Nodes: 621
	Edges: 1238
	BDD show time (s): 0.07229018211364746
Partition alpha: 0.5
Partition D: 128
Partition K: 9
Partition ILP time (s): 3602.633079767227
Partition status: Optimal
Partition objective S: 368.5
N: 9
I: 728
Roots: [0, 1, 2, 3, 4, 5, 6, 7, 8, 9, 10, 11, 12, 13, 14, 15, 16, 17, 18, 19, 20, 21, 22, 23, 24, 25, 26, 27, 28, 29, 30, 31, 32, 33, 34, 35, 36, 37, 38, 39]
Terminal: [619]
Gap (%): 14.93
	Crossbar: 0
	Rows: 114
	Columns: 122
	Nodes: [6, 8, 9, 10, 15, 16, 17, 24, 25, 26, 30, 33, 37, 43, 44, 46, 47, 50, 52, 58, 59, 61, 64, 65, 66, 77, 78, 80, 81, 89, 91, 92, 99, 101, 102, 106, 107, 108, 109, 113, 118, 121, 122, 123, 124, 126, 138, 140, 144, 148, 159, 161, 170, 175, 177, 179, 184, 186, 188, 189, 195, 204, 213, 216, 220, 226, 230, 236, 237, 250, 253, 263, 270, 275, 277, 286, 287, 288, 293, 296, 327, 335, 340, 341, 350, 358, 361, 373, 387, 389, 401, 405, 413, 417, 424, 441, 448, 449, 451, 455, 459, 477, 480, 497, 501, 508, 512, 527, 531, 533, 535, 538, 576, 613]
	Edges: [(6, 46), (8, 47), (9, 58), (9, 52), (10, 50), (15, 80), (15, 64), (16, 59), (16, 66), (17, 65), (24, 58), (24, 78), (25, 77), (26, 44), (30, 43), (30, 61), (33, 81), (37, 89), (43, 613), (44, 118), (46, 106), (47, 92), (50, 123), (52, 113), (58, 275), (59, 102), (61, 121), (64, 126), (65, 109), (66, 108), (77, 107), (78, 91), (78, 122), (80, 101), (81, 124), (89, 99), (91, 161), (92, 138), (99, 175), (99, 179), (101, 275), (102, 275), (106, 175), (107, 144), (107, 184), (108, 159), (109, 186), (113, 237), (118, 140), (122, 204), (123, 177), (124, 148), (126, 170), (138, 213), (140, 236), (144, 195), (148, 253), (159, 237), (161, 230), (161, 263), (170, 237), (175, 226), (177, 204), (177, 195), (179, 189), (184, 216), (186, 204), (188, 270), (189, 327), (189, 288), (195, 293), (204, 277), (213, 277), (216, 287), (220, 341), (220, 296), (226, 288), (236, 288), (237, 277), (250, 286), (253, 327), (263, 277), (263, 335), (270, 405), (270, 480), (275, 613), (286, 417), (286, 361), (287, 459), (293, 424), (296, 413), (327, 373), (335, 350), (340, 358), (340, 389), (341, 449), (341, 387), (358, 459), (373, 455), (373, 401), (387, 441), (389, 455), (405, 501), (417, 531), (424, 501), (441, 512), (448, 508), (448, 533), (449, 477), (451, 497), (451, 527), (455, 512), (459, 477), (459, 531), (477, 576), (497, 538), (508, 538), (508, 535), (527, 535), (531, 576), (533, 535), (533, 538)]
	Crossbar: 1
	Rows: 83
	Columns: 111
	Nodes: [0, 5, 22, 28, 34, 40, 41, 49, 54, 67, 74, 111, 112, 139, 150, 181, 185, 199, 207, 212, 222, 227, 233, 245, 265, 274, 289, 292, 302, 332, 338, 350, 355, 356, 357, 360, 368, 370, 382, 398, 399, 402, 404, 410, 411, 414, 430, 433, 434, 437, 439, 448, 460, 464, 466, 474, 482, 492, 499, 502, 511, 516, 520, 524, 534, 537, 543, 565, 578, 583, 589, 600, 607, 608, 611, 612, 613, 614, 615, 616, 617, 618, 619]
	Edges: [(0, 41), (0, 74), (5, 49), (5, 618), (22, 54), (28, 67), (34, 40), (40, 619), (41, 139), (49, 617), (54, 615), (67, 111), (74, 112), (111, 150), (111, 185), (112, 181), (112, 227), (139, 613), (150, 207), (181, 245), (181, 212), (185, 207), (185, 233), (199, 338), (207, 289), (212, 265), (222, 332), (227, 292), (233, 302), (245, 382), (245, 356), (265, 356), (274, 613), (289, 357), (292, 370), (292, 356), (302, 360), (302, 368), (332, 617), (332, 614), (338, 355), (350, 430), (350, 439), (355, 448), (355, 404), (356, 482), (356, 402), (357, 437), (360, 434), (360, 410), (368, 434), (368, 466), (370, 482), (370, 433), (382, 414), (382, 402), (398, 411), (399, 460), (399, 464), (402, 482), (404, 520), (404, 524), (410, 499), (410, 502), (411, 516), (411, 511), (414, 482), (430, 516), (433, 482), (433, 492), (434, 499), (437, 492), (439, 516), (439, 502), (460, 516), (464, 502), (466, 499), (466, 511), (474, 616), (474, 534), (482, 537), (499, 616), (502, 616), (511, 616), (511, 614), (516, 534), (520, 543), (524, 543), (534, 616), (534, 583), (537, 578), (543, 565), (578, 589), (583, 616), (583, 600), (600, 608), (600, 607), (607, 611), (607, 612), (608, 616), (608, 611), (611, 616), (611, 617), (612, 617), (612, 616), (613, 619), (614, 617), (615, 619), (616, 617), (617, 619), (618, 619)]
	Crossbar: 2
	Rows: 97
	Columns: 113
	Nodes: [11, 14, 29, 53, 63, 64, 83, 87, 93, 95, 110, 116, 128, 130, 136, 146, 149, 155, 158, 163, 176, 180, 191, 192, 200, 201, 210, 211, 215, 217, 223, 254, 257, 258, 268, 271, 274, 282, 283, 288, 303, 304, 305, 306, 307, 308, 310, 319, 330, 333, 340, 352, 354, 359, 361, 372, 379, 392, 393, 394, 397, 398, 401, 406, 407, 416, 420, 430, 431, 435, 448, 456, 457, 465, 472, 476, 484, 491, 504, 507, 512, 513, 514, 518, 519, 529, 539, 540, 542, 544, 555, 563, 572, 575, 576, 580, 614]
	Edges: [(11, 53), (14, 63), (29, 83), (29, 87), (53, 116), (63, 130), (64, 110), (83, 93), (87, 128), (93, 274), (95, 180), (95, 163), (110, 149), (110, 158), (116, 136), (128, 176), (130, 146), (130, 155), (136, 200), (146, 223), (149, 217), (149, 254), (155, 258), (155, 282), (158, 257), (158, 305), (163, 201), (163, 211), (176, 210), (180, 215), (191, 307), (192, 304), (200, 271), (201, 288), (201, 319), (210, 288), (211, 288), (211, 333), (215, 303), (215, 319), (217, 305), (217, 308), (223, 282), (223, 283), (254, 268), (254, 306), (258, 340), (258, 330), (268, 580), (268, 407), (271, 393), (282, 354), (283, 372), (288, 614), (303, 397), (304, 420), (304, 359), (306, 580), (307, 420), (307, 394), (308, 392), (310, 407), (319, 352), (330, 354), (333, 398), (352, 504), (354, 614), (359, 456), (361, 457), (372, 448), (379, 431), (379, 406), (392, 448), (393, 448), (393, 406), (394, 416), (394, 435), (398, 430), (401, 512), (401, 507), (407, 512), (407, 529), (416, 484), (420, 472), (420, 519), (430, 504), (431, 491), (431, 513), (435, 484), (435, 476), (456, 514), (457, 529), (465, 514), (465, 518), (472, 563), (476, 540), (476, 555), (484, 540), (491, 544), (507, 542), (507, 539), (512, 542), (513, 544), (514, 539), (518, 539), (519, 563), (529, 542), (539, 614), (540, 572), (542, 614), (544, 575), (555, 572), (563, 576)]
	Crossbar: 3
	Rows: 90
	Columns: 114
	Nodes: [18, 23, 51, 68, 76, 100, 104, 114, 120, 132, 147, 151, 153, 162, 164, 169, 171, 178, 183, 192, 203, 206, 214, 224, 240, 241, 246, 248, 249, 251, 252, 255, 261, 280, 290, 291, 294, 295, 298, 299, 306, 309, 311, 312, 317, 322, 324, 325, 326, 334, 347, 349, 351, 353, 366, 367, 376, 378, 381, 399, 400, 403, 406, 408, 425, 429, 443, 452, 465, 467, 474, 487, 494, 501, 506, 522, 523, 525, 530, 538, 539, 547, 556, 557, 560, 566, 569, 573, 601, 616]
	Edges: [(18, 68), (23, 76), (51, 114), (68, 120), (76, 100), (100, 147), (100, 178), (104, 169), (104, 214), (114, 164), (114, 132), (120, 151), (120, 171), (132, 248), (132, 261), (147, 203), (147, 206), (151, 246), (151, 255), (153, 299), (153, 252), (162, 240), (164, 381), (164, 224), (169, 214), (169, 249), (171, 192), (171, 325), (178, 251), (178, 326), (183, 241), (192, 322), (203, 326), (206, 326), (206, 324), (214, 400), (224, 280), (240, 366), (241, 334), (246, 325), (246, 294), (248, 311), (248, 317), (249, 312), (251, 309), (251, 324), (252, 311), (252, 291), (255, 298), (255, 290), (261, 311), (261, 399), (280, 381), (290, 443), (290, 539), (291, 366), (294, 376), (295, 465), (298, 539), (298, 465), (299, 351), (299, 366), (306, 425), (309, 378), (311, 616), (312, 367), (317, 349), (317, 381), (322, 539), (324, 569), (325, 539), (326, 569), (334, 353), (347, 425), (349, 408), (349, 616), (351, 616), (351, 467), (353, 474), (353, 467), (366, 452), (367, 467), (367, 616), (376, 406), (378, 429), (378, 403), (400, 452), (403, 494), (403, 506), (408, 616), (408, 474), (425, 525), (425, 530), (429, 494), (443, 523), (443, 487), (467, 474), (467, 616), (487, 547), (494, 556), (501, 566), (506, 556), (506, 557), (522, 566), (523, 547), (525, 560), (530, 560), (538, 573), (547, 566), (556, 569), (557, 569), (560, 566), (566, 601), (573, 601)]
	Crossbar: 4
	Rows: 97
	Columns: 109
	Nodes: [3, 4, 12, 13, 19, 35, 38, 39, 45, 48, 55, 57, 69, 71, 82, 84, 85, 86, 90, 94, 95, 96, 98, 119, 125, 127, 131, 137, 143, 152, 153, 157, 162, 167, 172, 187, 197, 198, 199, 202, 203, 205, 210, 222, 231, 237, 256, 274, 281, 284, 310, 311, 318, 320, 328, 331, 336, 347, 374, 375, 377, 380, 388, 391, 409, 412, 421, 427, 439, 445, 450, 470, 471, 478, 479, 485, 490, 492, 495, 500, 504, 505, 510, 528, 536, 546, 552, 553, 558, 561, 567, 571, 574, 576, 584, 593, 614]
	Edges: [(3, 85), (4, 82), (4, 55), (12, 86), (13, 71), (19, 69), (35, 45), (35, 48), (38, 45), (38, 84), (39, 90), (45, 274), (48, 125), (55, 127), (57, 94), (69, 98), (71, 96), (82, 119), (84, 95), (85, 137), (86, 157), (90, 131), (94, 153), (94, 162), (96, 187), (96, 143), (98, 172), (98, 152), (119, 274), (125, 210), (127, 167), (137, 202), (143, 222), (143, 198), (152, 197), (152, 336), (157, 231), (162, 256), (167, 210), (172, 199), (172, 205), (187, 202), (187, 231), (197, 281), (197, 320), (198, 614), (199, 336), (202, 311), (203, 284), (205, 310), (205, 347), (210, 331), (231, 311), (237, 328), (256, 391), (281, 409), (281, 375), (284, 380), (310, 571), (318, 377), (320, 571), (328, 374), (331, 388), (336, 571), (347, 571), (374, 421), (374, 470), (375, 412), (375, 471), (377, 445), (380, 450), (388, 421), (388, 427), (391, 439), (409, 479), (409, 505), (412, 478), (421, 504), (421, 510), (427, 510), (427, 495), (445, 485), (450, 528), (450, 490), (470, 510), (470, 492), (471, 478), (471, 500), (478, 553), (479, 536), (485, 552), (490, 558), (495, 552), (495, 614), (500, 553), (500, 561), (504, 546), (505, 536), (510, 552), (510, 546), (528, 558), (536, 576), (546, 574), (553, 571), (558, 567), (561, 571), (567, 593), (567, 584), (576, 584)]
	Crossbar: 5
	Rows: 94
	Columns: 124
	Nodes: [2, 31, 32, 36, 60, 73, 79, 88, 91, 97, 103, 104, 121, 122, 131, 145, 146, 154, 165, 166, 168, 173, 182, 183, 193, 209, 218, 220, 221, 225, 226, 229, 234, 239, 242, 243, 244, 247, 260, 262, 266, 269, 272, 273, 276, 285, 301, 315, 316, 337, 339, 343, 344, 348, 352, 354, 362, 363, 371, 381, 383, 384, 385, 390, 395, 396, 397, 413, 419, 424, 426, 428, 442, 444, 446, 447, 452, 458, 463, 468, 469, 480, 492, 504, 509, 522, 525, 550, 569, 581, 593, 595, 604, 614]
	Edges: [(2, 79), (31, 88), (32, 73), (36, 60), (60, 104), (60, 122), (73, 103), (73, 122), (79, 97), (88, 122), (91, 183), (97, 154), (97, 165), (103, 168), (103, 173), (121, 145), (121, 221), (131, 166), (131, 182), (145, 397), (145, 218), (146, 243), (154, 209), (154, 247), (165, 244), (165, 260), (166, 262), (166, 239), (168, 193), (168, 234), (173, 229), (173, 225), (182, 220), (182, 272), (183, 242), (193, 396), (193, 266), (209, 362), (209, 385), (218, 337), (221, 614), (221, 397), (225, 384), (226, 344), (229, 266), (234, 276), (239, 316), (239, 339), (242, 337), (242, 315), (243, 269), (243, 343), (244, 385), (247, 285), (260, 301), (262, 272), (262, 273), (266, 390), (266, 384), (269, 354), (269, 383), (272, 413), (273, 371), (276, 384), (285, 385), (301, 348), (301, 385), (315, 395), (316, 413), (316, 458), (337, 397), (339, 426), (339, 413), (343, 363), (343, 354), (344, 428), (348, 509), (348, 446), (352, 469), (362, 447), (362, 419), (363, 424), (381, 444), (383, 428), (384, 525), (384, 442), (385, 509), (385, 419), (390, 525), (390, 463), (395, 504), (395, 452), (396, 468), (396, 442), (397, 444), (397, 452), (413, 614), (419, 509), (424, 522), (426, 522), (428, 492), (428, 480), (442, 525), (444, 504), (446, 509), (446, 492), (447, 509), (452, 504), (458, 492), (463, 525), (463, 492), (468, 525), (469, 504), (469, 492), (480, 614), (492, 614), (509, 550), (550, 581), (569, 604), (569, 595), (581, 593), (593, 604), (595, 604), (595, 614)]
	Crossbar: 6
	Rows: 30
	Columns: 36
	Nodes: [20, 70, 105, 133, 142, 188, 208, 250, 323, 342, 345, 346, 371, 386, 406, 423, 438, 451, 453, 454, 480, 483, 503, 508, 515, 532, 541, 555, 579, 598]
	Edges: [(20, 70), (70, 105), (105, 133), (105, 142), (133, 208), (133, 188), (142, 250), (142, 345), (188, 342), (208, 345), (208, 346), (250, 323), (323, 480), (342, 480), (342, 453), (345, 480), (346, 386), (371, 438), (371, 454), (386, 451), (386, 423), (406, 532), (406, 503), (423, 515), (423, 483), (438, 508), (453, 480), (454, 532), (483, 555), (503, 555), (503, 541), (515, 541), (532, 541), (532, 555), (541, 579), (579, 598)]
	Crossbar: 7
	Rows: 93
	Columns: 124
	Nodes: [1, 7, 32, 51, 56, 57, 62, 66, 75, 129, 135, 141, 160, 190, 194, 196, 232, 257, 259, 264, 267, 297, 300, 305, 313, 314, 364, 365, 369, 380, 392, 409, 415, 418, 422, 432, 436, 440, 461, 462, 473, 475, 481, 486, 488, 489, 493, 496, 498, 517, 521, 526, 535, 545, 548, 549, 551, 552, 554, 559, 562, 564, 565, 568, 570, 571, 574, 575, 577, 580, 582, 585, 587, 588, 589, 590, 591, 592, 594, 596, 597, 598, 599, 601, 602, 603, 604, 605, 606, 609, 610, 613, 614]
	Edges: [(1, 62), (1, 51), (7, 75), (7, 57), (32, 56), (56, 141), (62, 194), (66, 129), (75, 196), (129, 135), (129, 160), (135, 259), (135, 190), (141, 613), (160, 232), (160, 314), (190, 314), (190, 313), (194, 613), (196, 613), (232, 300), (232, 313), (257, 297), (257, 264), (259, 314), (259, 267), (264, 580), (267, 369), (297, 409), (297, 364), (300, 365), (305, 580), (313, 582), (314, 582), (364, 422), (364, 461), (365, 418), (365, 462), (369, 415), (369, 436), (380, 440), (392, 432), (415, 517), (415, 473), (418, 486), (422, 489), (432, 496), (432, 498), (436, 526), (436, 475), (440, 521), (440, 488), (461, 489), (461, 481), (462, 486), (462, 493), (473, 554), (475, 551), (481, 535), (481, 545), (486, 548), (488, 559), (489, 535), (493, 548), (493, 549), (496, 562), (498, 562), (517, 554), (521, 559), (526, 551), (535, 580), (545, 580), (548, 582), (549, 582), (551, 570), (552, 577), (554, 564), (559, 568), (562, 575), (564, 589), (564, 587), (565, 597), (565, 598), (568, 585), (568, 601), (570, 591), (570, 598), (571, 596), (571, 588), (574, 599), (575, 594), (577, 585), (580, 592), (580, 605), (582, 602), (582, 590), (585, 604), (587, 605), (588, 614), (588, 606), (589, 602), (590, 614), (590, 602), (591, 602), (592, 605), (592, 614), (594, 605), (594, 603), (596, 606), (596, 614), (597, 606), (597, 603), (598, 603), (599, 604), (599, 606), (601, 605), (602, 610), (603, 609), (604, 610), (605, 609), (606, 610), (606, 609), (609, 614), (610, 614)]
	Crossbar: 8
	Rows: 30
	Columns: 34
	Nodes: [21, 27, 42, 72, 115, 117, 134, 156, 174, 191, 219, 228, 230, 235, 238, 277, 278, 279, 295, 315, 318, 321, 329, 379, 443, 572, 584, 586, 603, 614]
	Edges: [(21, 72), (27, 42), (42, 117), (72, 115), (115, 134), (115, 174), (117, 156), (117, 235), (134, 238), (134, 228), (156, 219), (174, 191), (174, 321), (191, 278), (219, 315), (228, 295), (228, 329), (230, 277), (230, 315), (235, 318), (238, 321), (238, 279), (277, 614), (278, 572), (279, 379), (295, 572), (321, 572), (329, 443), (329, 572), (572, 586), (572, 603), (584, 603), (586, 614), (586, 603)]
