Benchmark: spla
Inputs: 16
Outputs: 46
BDD type: SBDD
BDD construct time (s): 0.6860125064849854
	Output variables: f0, f1, f2, f3, f4, f5, f6, f7, f8, f9, f10, f11, f12, f13, f14, f15, f16, f17, f18, f19, f20, f21, f22, f23, f24, f25, f26, f27, f28, f29, f30, f31, f32, f33, f34, f35, f36, f37, f38, f39, f40, f41, f42, f43, f44, f45
	Nodes: 594
	Edges: 1184
	BDD show time (s): 0.06899476051330566
Partition alpha: 0.5
Partition D: 128
Partition K: 9
Partition ILP time (s): 3605.589953660965
Partition status: Optimal
Partition objective S: 370.5
N: 9
I: 732
Roots: [0, 1, 2, 3, 4, 5, 6, 7, 8, 9, 10, 11, 12, 13, 14, 15, 16, 17, 18, 19, 20, 21, 22, 23, 24, 25, 26, 27, 28, 29, 30, 31, 32, 33, 34, 35, 36, 37, 38, 39, 40, 41, 42, 43, 44, 45]
Terminal: [592]
Gap (%): 19.06
	Crossbar: 0
	Rows: 101
	Columns: 121
	Nodes: [22, 23, 28, 39, 41, 56, 58, 63, 90, 92, 117, 128, 137, 161, 163, 165, 175, 179, 202, 206, 210, 223, 224, 225, 248, 250, 255, 267, 283, 291, 294, 300, 307, 310, 316, 320, 324, 327, 340, 344, 352, 364, 376, 397, 401, 405, 407, 412, 421, 424, 426, 431, 432, 437, 445, 447, 448, 449, 451, 452, 453, 456, 462, 463, 464, 475, 487, 488, 489, 491, 497, 498, 510, 511, 513, 514, 515, 516, 519, 522, 523, 532, 533, 536, 539, 541, 542, 543, 550, 551, 553, 554, 556, 558, 559, 567, 568, 571, 577, 582, 587]
	Edges: [(22, 63), (23, 90), (28, 92), (39, 58), (41, 56), (56, 165), (56, 117), (58, 128), (58, 161), (63, 202), (90, 206), (92, 137), (92, 163), (117, 248), (117, 223), (128, 202), (128, 255), (161, 206), (163, 210), (163, 250), (165, 175), (175, 513), (175, 267), (179, 324), (202, 320), (206, 283), (210, 300), (210, 515), (223, 513), (223, 324), (224, 316), (225, 327), (248, 294), (248, 513), (250, 515), (255, 307), (255, 577), (283, 582), (291, 513), (300, 448), (307, 587), (307, 577), (310, 364), (316, 445), (320, 582), (324, 451), (327, 447), (340, 431), (344, 405), (344, 421), (352, 424), (364, 426), (376, 432), (397, 491), (397, 462), (401, 452), (401, 453), (405, 452), (405, 488), (407, 464), (407, 449), (412, 452), (421, 497), (421, 437), (424, 437), (426, 456), (426, 462), (431, 463), (431, 437), (432, 498), (432, 449), (437, 497), (448, 489), (449, 498), (452, 488), (453, 488), (456, 491), (462, 491), (463, 497), (464, 498), (475, 487), (487, 516), (488, 514), (489, 523), (491, 511), (497, 522), (498, 510), (510, 539), (511, 553), (513, 551), (513, 567), (514, 536), (515, 558), (515, 532), (516, 533), (516, 550), (519, 536), (519, 539), (522, 541), (523, 553), (523, 554), (532, 558), (532, 577), (536, 558), (542, 559), (542, 556), (543, 567), (550, 567), (551, 577), (551, 567), (553, 558), (554, 567), (556, 568), (556, 571), (559, 582), (559, 568), (568, 582), (568, 587), (571, 587), (571, 582), (577, 587)]
	Crossbar: 1
	Rows: 82
	Columns: 121
	Nodes: [0, 1, 3, 5, 46, 69, 73, 106, 109, 110, 113, 145, 169, 177, 181, 185, 198, 222, 225, 227, 245, 254, 263, 265, 269, 280, 290, 293, 306, 311, 315, 323, 332, 356, 357, 374, 376, 382, 402, 418, 425, 455, 465, 468, 472, 474, 480, 481, 490, 499, 500, 503, 509, 520, 521, 524, 526, 529, 534, 535, 537, 538, 540, 545, 549, 557, 562, 564, 566, 567, 569, 573, 575, 577, 578, 580, 581, 588, 589, 590, 591, 592]
	Edges: [(0, 69), (1, 578), (3, 73), (5, 46), (5, 323), (69, 106), (69, 169), (73, 113), (73, 145), (106, 222), (109, 181), (109, 376), (110, 177), (113, 245), (113, 225), (145, 185), (145, 254), (169, 227), (169, 198), (177, 293), (177, 263), (181, 376), (181, 280), (185, 269), (185, 520), (198, 509), (198, 315), (222, 306), (222, 332), (225, 311), (227, 265), (227, 509), (245, 529), (245, 290), (254, 520), (254, 315), (263, 357), (265, 474), (269, 472), (269, 580), (280, 376), (290, 455), (290, 374), (293, 356), (293, 526), (306, 509), (311, 382), (311, 520), (323, 580), (332, 357), (356, 425), (356, 418), (374, 402), (402, 455), (402, 468), (418, 465), (418, 580), (425, 580), (425, 465), (455, 490), (465, 580), (465, 499), (468, 490), (468, 500), (472, 503), (472, 481), (474, 490), (474, 480), (480, 524), (481, 521), (481, 580), (490, 520), (499, 580), (499, 526), (500, 520), (503, 580), (503, 529), (509, 545), (509, 540), (520, 549), (520, 562), (521, 534), (521, 580), (524, 537), (526, 557), (526, 535), (529, 538), (529, 564), (534, 564), (535, 581), (535, 557), (537, 566), (537, 567), (538, 564), (538, 581), (540, 577), (540, 566), (545, 566), (545, 577), (549, 562), (549, 577), (557, 573), (557, 580), (562, 575), (564, 580), (564, 569), (566, 575), (567, 575), (569, 581), (573, 580), (573, 581), (575, 577), (578, 590), (580, 591), (581, 589), (588, 590), (588, 591), (589, 591), (589, 592), (590, 592), (591, 592)]
	Crossbar: 2
	Rows: 104
	Columns: 128
	Nodes: [9, 11, 17, 20, 25, 27, 30, 33, 37, 42, 44, 51, 53, 62, 65, 68, 72, 79, 80, 83, 86, 87, 93, 96, 98, 101, 102, 104, 111, 121, 125, 127, 134, 137, 158, 162, 164, 167, 168, 171, 178, 179, 191, 199, 204, 215, 217, 221, 224, 228, 229, 235, 243, 246, 247, 252, 259, 260, 274, 275, 282, 296, 304, 309, 315, 318, 328, 330, 333, 337, 340, 342, 343, 347, 359, 369, 383, 385, 403, 406, 408, 410, 416, 419, 420, 433, 435, 440, 447, 451, 458, 461, 473, 476, 486, 493, 506, 507, 515, 534, 561, 569, 577, 580]
	Edges: [(9, 87), (9, 580), (11, 79), (17, 68), (20, 83), (25, 51), (27, 72), (30, 86), (33, 80), (33, 167), (37, 53), (37, 247), (42, 65), (44, 62), (44, 93), (51, 102), (62, 162), (65, 111), (65, 164), (68, 127), (72, 158), (72, 98), (79, 104), (83, 125), (83, 164), (86, 101), (86, 121), (87, 168), (87, 134), (93, 580), (96, 247), (98, 171), (98, 246), (101, 217), (101, 215), (102, 228), (111, 228), (121, 224), (121, 179), (125, 191), (127, 235), (134, 204), (134, 340), (137, 229), (137, 252), (158, 221), (158, 199), (164, 243), (167, 247), (168, 282), (168, 577), (171, 476), (178, 282), (179, 507), (191, 318), (199, 328), (199, 304), (204, 340), (204, 282), (215, 296), (215, 274), (217, 507), (217, 275), (221, 476), (224, 507), (228, 333), (229, 515), (229, 309), (235, 282), (243, 259), (246, 476), (246, 315), (252, 330), (259, 461), (260, 385), (274, 383), (274, 451), (275, 342), (282, 340), (296, 507), (304, 369), (304, 447), (309, 458), (309, 343), (315, 447), (318, 461), (328, 476), (330, 347), (330, 515), (337, 461), (342, 410), (343, 419), (343, 416), (347, 419), (347, 433), (359, 473), (369, 435), (369, 420), (383, 408), (383, 406), (385, 461), (403, 473), (403, 461), (406, 507), (408, 507), (410, 451), (416, 458), (416, 440), (419, 458), (420, 476), (433, 458), (435, 476), (440, 493), (440, 506), (447, 486), (451, 507), (458, 493), (461, 486), (461, 507), (476, 577), (486, 577), (493, 515), (506, 515), (507, 577), (534, 561), (561, 569), (561, 580), (569, 580)]
	Crossbar: 3
	Rows: 84
	Columns: 98
	Nodes: [7, 19, 29, 38, 46, 49, 50, 59, 74, 82, 103, 110, 116, 126, 142, 147, 162, 165, 166, 173, 187, 207, 216, 226, 233, 242, 249, 267, 270, 276, 284, 291, 299, 325, 333, 349, 358, 363, 366, 373, 374, 382, 386, 389, 390, 392, 394, 414, 422, 423, 428, 429, 441, 442, 448, 451, 455, 459, 460, 466, 470, 475, 484, 485, 494, 495, 501, 512, 518, 519, 526, 528, 533, 541, 544, 546, 547, 558, 560, 562, 566, 570, 577, 582]
	Edges: [(7, 74), (19, 82), (29, 59), (29, 50), (38, 49), (46, 166), (49, 116), (49, 126), (50, 110), (50, 103), (59, 142), (59, 147), (74, 142), (82, 142), (103, 216), (103, 233), (110, 187), (116, 226), (126, 173), (162, 325), (162, 242), (165, 207), (166, 249), (166, 373), (173, 333), (187, 528), (187, 276), (207, 291), (207, 299), (216, 284), (216, 528), (233, 526), (242, 582), (249, 373), (249, 270), (267, 441), (267, 358), (270, 373), (276, 470), (276, 363), (284, 475), (291, 366), (299, 451), (333, 577), (349, 582), (349, 394), (358, 389), (358, 386), (363, 428), (363, 390), (366, 389), (366, 429), (373, 422), (374, 414), (382, 414), (382, 423), (386, 441), (389, 441), (390, 470), (390, 460), (392, 459), (392, 442), (394, 466), (394, 582), (414, 455), (422, 494), (422, 442), (423, 455), (428, 470), (429, 441), (442, 494), (448, 484), (459, 494), (460, 501), (460, 485), (470, 501), (475, 495), (484, 519), (485, 528), (494, 518), (495, 512), (501, 528), (512, 547), (512, 546), (518, 547), (528, 560), (528, 544), (533, 560), (541, 558), (541, 566), (544, 577), (544, 560), (546, 562), (547, 560), (558, 570), (560, 570), (566, 570), (570, 577)]
	Crossbar: 4
	Rows: 81
	Columns: 96
	Nodes: [3, 12, 16, 32, 34, 35, 45, 53, 54, 67, 70, 71, 75, 76, 88, 91, 94, 100, 102, 105, 108, 112, 114, 136, 140, 141, 143, 144, 148, 150, 170, 174, 178, 182, 189, 190, 192, 197, 201, 203, 209, 230, 232, 239, 261, 271, 277, 281, 303, 310, 312, 314, 319, 334, 336, 346, 350, 351, 367, 368, 371, 377, 378, 395, 397, 398, 399, 412, 421, 430, 463, 471, 502, 525, 548, 563, 580, 582, 585, 587, 590]
	Edges: [(3, 88), (12, 75), (16, 67), (32, 71), (34, 54), (35, 76), (35, 91), (45, 94), (45, 70), (53, 140), (53, 108), (54, 148), (54, 585), (67, 105), (70, 580), (71, 112), (71, 136), (75, 143), (76, 144), (76, 100), (88, 102), (88, 114), (94, 141), (94, 150), (100, 201), (100, 239), (105, 197), (105, 203), (108, 232), (108, 174), (112, 310), (114, 182), (136, 209), (136, 371), (140, 178), (140, 190), (141, 189), (143, 230), (148, 170), (148, 585), (150, 192), (150, 367), (170, 585), (170, 336), (174, 368), (182, 261), (189, 281), (189, 303), (192, 314), (192, 303), (197, 271), (201, 334), (203, 350), (209, 371), (209, 312), (230, 277), (232, 319), (239, 368), (261, 346), (271, 368), (281, 351), (281, 582), (303, 367), (312, 371), (314, 351), (314, 367), (319, 368), (334, 368), (334, 378), (336, 585), (336, 377), (346, 421), (350, 412), (351, 582), (351, 398), (367, 399), (368, 421), (371, 397), (377, 585), (377, 430), (378, 582), (378, 395), (399, 463), (430, 585), (430, 471), (471, 585), (471, 502), (502, 585), (502, 525), (525, 585), (525, 548), (548, 585), (548, 563), (582, 587), (585, 590), (587, 590)]
	Crossbar: 5
	Rows: 97
	Columns: 114
	Nodes: [2, 6, 13, 15, 34, 40, 47, 52, 61, 62, 64, 84, 85, 91, 97, 104, 107, 119, 124, 130, 133, 135, 138, 142, 153, 155, 156, 159, 176, 180, 183, 184, 188, 190, 194, 200, 208, 212, 218, 220, 221, 226, 231, 240, 241, 244, 247, 253, 257, 258, 260, 262, 266, 272, 273, 278, 287, 288, 289, 297, 298, 302, 313, 322, 325, 326, 332, 337, 338, 339, 341, 352, 354, 355, 357, 359, 362, 380, 384, 396, 403, 409, 411, 434, 436, 447, 450, 524, 550, 563, 572, 577, 580, 581, 583, 585, 588]
	Edges: [(2, 64), (6, 47), (6, 212), (13, 52), (15, 85), (34, 588), (40, 84), (40, 247), (47, 130), (52, 135), (52, 107), (61, 159), (61, 302), (62, 156), (64, 153), (64, 138), (84, 124), (85, 97), (85, 119), (91, 133), (91, 212), (97, 194), (104, 176), (107, 180), (107, 218), (119, 208), (119, 220), (124, 190), (130, 253), (133, 184), (133, 212), (135, 188), (135, 244), (138, 190), (142, 231), (153, 176), (153, 226), (155, 183), (156, 200), (156, 241), (159, 240), (159, 302), (176, 266), (180, 257), (180, 380), (183, 273), (184, 581), (188, 380), (188, 313), (190, 577), (194, 436), (194, 289), (200, 352), (200, 325), (208, 262), (208, 436), (212, 580), (218, 380), (218, 297), (220, 436), (220, 260), (221, 258), (226, 322), (231, 278), (240, 288), (240, 302), (241, 287), (241, 352), (244, 272), (244, 326), (247, 580), (253, 577), (257, 355), (258, 384), (262, 409), (266, 339), (272, 338), (272, 380), (273, 341), (278, 577), (287, 362), (287, 352), (288, 581), (288, 577), (297, 337), (298, 450), (302, 580), (313, 359), (313, 338), (322, 354), (325, 352), (326, 357), (326, 337), (332, 447), (338, 411), (339, 411), (339, 403), (354, 396), (354, 436), (355, 450), (357, 396), (380, 577), (384, 434), (396, 577), (409, 450), (434, 447), (436, 577), (524, 550), (563, 585), (563, 572), (572, 585), (572, 583), (583, 585), (583, 588)]
	Crossbar: 6
	Rows: 88
	Columns: 89
	Nodes: [10, 24, 31, 43, 46, 55, 60, 61, 68, 78, 80, 84, 95, 96, 97, 106, 109, 115, 118, 122, 129, 131, 146, 149, 151, 152, 154, 157, 173, 193, 195, 196, 205, 211, 213, 214, 234, 236, 237, 238, 252, 264, 268, 277, 278, 279, 285, 289, 298, 301, 305, 306, 317, 321, 331, 335, 344, 345, 348, 360, 361, 365, 370, 372, 379, 381, 385, 387, 391, 392, 393, 400, 404, 407, 411, 415, 436, 443, 444, 453, 467, 473, 478, 482, 483, 486, 508, 509]
	Edges: [(10, 60), (24, 55), (24, 61), (31, 78), (31, 96), (43, 95), (46, 146), (55, 152), (55, 109), (60, 115), (68, 149), (78, 151), (78, 157), (80, 118), (80, 131), (84, 154), (95, 122), (97, 211), (106, 205), (115, 193), (118, 213), (122, 234), (129, 236), (131, 196), (146, 268), (149, 195), (151, 173), (152, 279), (154, 237), (157, 238), (193, 277), (195, 348), (196, 317), (205, 509), (205, 285), (211, 331), (211, 321), (213, 278), (214, 305), (234, 298), (236, 348), (237, 344), (238, 301), (252, 335), (264, 361), (268, 365), (277, 345), (279, 370), (285, 444), (285, 372), (289, 415), (289, 360), (301, 344), (305, 473), (306, 379), (317, 344), (321, 381), (321, 385), (331, 360), (331, 436), (335, 381), (345, 391), (348, 404), (360, 415), (361, 411), (361, 415), (365, 392), (370, 407), (372, 393), (372, 400), (379, 393), (379, 387), (381, 436), (387, 444), (391, 443), (393, 444), (400, 444), (400, 467), (404, 453), (411, 473), (415, 473), (443, 482), (444, 483), (467, 483), (467, 478), (473, 486), (478, 509), (482, 508), (483, 509)]
	Crossbar: 7
	Rows: 43
	Columns: 47
	Nodes: [4, 14, 21, 26, 36, 48, 66, 77, 81, 89, 99, 116, 120, 123, 129, 132, 144, 160, 178, 214, 219, 235, 251, 253, 256, 264, 286, 292, 329, 349, 353, 362, 395, 398, 413, 417, 437, 457, 466, 492, 517, 542, 582]
	Edges: [(4, 66), (14, 48), (21, 89), (26, 81), (26, 66), (36, 77), (48, 123), (48, 129), (66, 99), (77, 120), (81, 160), (89, 132), (99, 253), (116, 214), (120, 214), (120, 219), (123, 178), (132, 251), (144, 235), (144, 253), (160, 256), (160, 353), (219, 264), (251, 286), (256, 292), (256, 329), (292, 353), (292, 349), (329, 353), (353, 413), (362, 582), (362, 417), (395, 492), (395, 466), (398, 457), (398, 582), (413, 437), (417, 582), (417, 466), (457, 582), (457, 492), (466, 492), (466, 582), (492, 582), (492, 517), (517, 582), (517, 542)]
	Crossbar: 8
	Rows: 52
	Columns: 50
	Nodes: [8, 18, 47, 57, 139, 147, 155, 171, 172, 186, 286, 294, 295, 308, 341, 346, 375, 386, 388, 401, 427, 438, 439, 441, 445, 446, 450, 454, 469, 477, 479, 490, 496, 504, 505, 508, 513, 527, 530, 531, 539, 543, 552, 555, 562, 565, 574, 576, 579, 584, 586, 591]
	Edges: [(8, 57), (8, 591), (18, 155), (47, 139), (57, 155), (139, 172), (147, 186), (171, 308), (172, 346), (186, 295), (286, 375), (294, 438), (295, 346), (308, 446), (341, 388), (346, 401), (375, 427), (386, 454), (388, 439), (427, 469), (438, 496), (438, 504), (439, 477), (441, 479), (445, 504), (446, 490), (450, 490), (450, 504), (454, 479), (454, 504), (469, 505), (477, 530), (479, 513), (496, 527), (504, 513), (505, 584), (508, 531), (527, 543), (530, 552), (531, 555), (539, 562), (543, 562), (552, 565), (555, 576), (565, 574), (574, 584), (576, 579), (579, 586), (584, 586), (586, 591)]
