Benchmark: tial
Inputs: 14
Outputs: 8
BDD type: SBDD
BDD construct time (s): 0.5081090927124023
	Output variables: f0, f1, f2, f3, f4, f5, f6, f7
	Nodes: 897
	Edges: 1790
	BDD show time (s): 0.08299565315246582
Partition alpha: 0.5
Partition D: 128
Partition K: 17
Partition ILP time (s): 3603.095967769623
Partition status: Optimal
Partition objective S: 676.0
N: 17
I: 1335
Roots: [0, 1, 2, 3, 4, 5, 6, 154]
Terminal: [895]
Gap (%): 32.74
	Crossbar: 0
	Rows: 90
	Columns: 128
	Nodes: [52, 92, 99, 117, 146, 155, 167, 169, 174, 184, 227, 229, 237, 250, 258, 268, 274, 290, 295, 314, 316, 321, 327, 332, 334, 335, 343, 350, 367, 372, 397, 407, 412, 415, 420, 422, 426, 434, 435, 443, 444, 446, 448, 452, 461, 464, 468, 469, 474, 483, 496, 498, 501, 506, 531, 545, 551, 553, 559, 610, 633, 634, 640, 642, 655, 696, 705, 706, 708, 719, 722, 756, 758, 790, 802, 812, 835, 860, 863, 866, 872, 874, 878, 879, 885, 888, 890, 893, 894, 895]
	Edges: [(52, 92), (52, 117), (92, 415), (92, 412), (99, 167), (99, 227), (117, 420), (117, 506), (146, 250), (146, 237), (155, 174), (167, 335), (167, 268), (169, 332), (174, 334), (174, 350), (184, 343), (184, 367), (227, 258), (227, 316), (229, 290), (229, 295), (237, 274), (250, 327), (258, 443), (258, 412), (268, 420), (274, 531), (290, 866), (290, 444), (295, 878), (295, 874), (314, 501), (314, 468), (316, 448), (316, 506), (321, 422), (327, 434), (327, 545), (332, 888), (332, 894), (334, 559), (334, 435), (335, 415), (343, 496), (343, 469), (350, 474), (350, 452), (367, 498), (367, 483), (372, 464), (372, 551), (397, 461), (397, 553), (407, 640), (415, 633), (415, 894), (420, 633), (420, 893), (422, 860), (422, 835), (426, 706), (426, 878), (434, 719), (435, 610), (435, 894), (443, 872), (444, 885), (444, 874), (446, 706), (446, 642), (452, 610), (452, 893), (461, 705), (461, 866), (464, 708), (464, 866), (468, 634), (468, 894), (469, 655), (469, 894), (474, 719), (474, 888), (483, 655), (483, 893), (496, 705), (496, 872), (498, 706), (498, 888), (501, 708), (501, 872), (506, 894), (531, 640), (531, 835), (545, 610), (545, 860), (551, 634), (551, 874), (553, 655), (553, 874), (559, 872), (640, 863), (640, 756), (642, 722), (642, 879), (696, 790), (705, 802), (706, 758), (706, 879), (708, 802), (722, 878), (756, 860), (790, 863), (790, 893), (812, 878), (835, 895), (835, 894), (860, 893), (863, 890), (866, 885), (872, 893), (878, 893), (879, 895), (879, 890), (885, 893), (888, 893), (890, 893), (893, 895)]
	Crossbar: 1
	Rows: 109
	Columns: 128
	Nodes: [3, 6, 8, 11, 16, 25, 37, 39, 44, 56, 60, 64, 80, 87, 93, 99, 102, 106, 115, 118, 132, 134, 146, 150, 161, 171, 199, 201, 202, 207, 209, 218, 219, 231, 236, 243, 249, 251, 256, 265, 271, 278, 279, 288, 289, 322, 329, 340, 341, 354, 359, 362, 372, 383, 406, 412, 416, 417, 427, 429, 430, 453, 454, 455, 465, 478, 482, 502, 510, 530, 532, 535, 544, 566, 572, 573, 574, 578, 581, 585, 594, 603, 620, 633, 651, 654, 663, 671, 699, 700, 703, 710, 734, 738, 766, 792, 804, 822, 824, 826, 830, 845, 846, 854, 878, 880, 884, 894, 895]
	Edges: [(3, 8), (6, 11), (8, 161), (8, 106), (11, 37), (11, 39), (16, 25), (25, 64), (37, 80), (37, 56), (39, 60), (44, 150), (44, 87), (56, 99), (64, 102), (80, 146), (80, 115), (87, 171), (87, 249), (93, 572), (93, 894), (102, 251), (102, 231), (106, 572), (106, 502), (115, 199), (118, 243), (132, 202), (132, 219), (134, 201), (134, 209), (150, 236), (161, 406), (171, 427), (199, 372), (199, 383), (201, 359), (207, 279), (209, 278), (209, 341), (218, 340), (218, 256), (219, 265), (219, 256), (231, 544), (236, 289), (243, 271), (243, 362), (249, 354), (249, 362), (251, 535), (251, 329), (265, 454), (265, 585), (271, 574), (271, 532), (278, 581), (278, 455), (279, 544), (279, 530), (288, 573), (288, 544), (289, 417), (322, 535), (322, 478), (329, 482), (340, 585), (341, 510), (354, 417), (354, 532), (359, 416), (359, 465), (362, 453), (383, 429), (406, 663), (406, 651), (412, 663), (412, 894), (427, 884), (429, 878), (430, 699), (453, 700), (453, 884), (455, 699), (465, 633), (478, 633), (478, 594), (502, 710), (502, 651), (510, 703), (510, 699), (530, 699), (532, 700), (544, 671), (544, 603), (566, 895), (566, 854), (573, 671), (573, 620), (574, 854), (578, 700), (578, 738), (581, 654), (594, 822), (603, 845), (603, 804), (620, 845), (654, 766), (654, 804), (663, 792), (663, 830), (699, 822), (699, 824), (700, 895), (700, 738), (703, 766), (703, 824), (734, 845), (804, 845), (822, 845), (822, 894), (824, 880), (824, 894), (826, 846), (846, 884), (846, 878), (878, 895), (880, 894)]
	Crossbar: 2
	Rows: 101
	Columns: 126
	Nodes: [23, 38, 46, 57, 61, 72, 75, 83, 90, 97, 101, 104, 113, 120, 130, 137, 139, 141, 149, 157, 164, 175, 176, 182, 185, 187, 194, 197, 198, 202, 207, 215, 218, 230, 231, 233, 241, 247, 253, 260, 267, 273, 275, 277, 292, 293, 294, 300, 306, 315, 322, 349, 353, 361, 364, 369, 376, 377, 398, 401, 402, 425, 437, 442, 455, 457, 459, 467, 471, 477, 493, 494, 497, 503, 521, 523, 525, 550, 557, 561, 567, 579, 580, 582, 586, 593, 609, 621, 622, 638, 669, 678, 707, 714, 720, 754, 832, 853, 864, 868, 895]
	Edges: [(23, 72), (38, 46), (38, 75), (46, 97), (46, 113), (57, 120), (61, 149), (72, 130), (72, 90), (75, 139), (75, 104), (83, 101), (90, 198), (90, 215), (97, 197), (97, 194), (101, 164), (101, 175), (104, 185), (104, 215), (113, 198), (113, 230), (120, 233), (120, 207), (130, 241), (130, 218), (137, 198), (139, 215), (141, 176), (149, 187), (157, 197), (157, 215), (175, 294), (176, 267), (176, 353), (182, 369), (182, 402), (187, 349), (187, 293), (194, 253), (194, 315), (198, 277), (198, 471), (202, 306), (202, 550), (207, 401), (230, 361), (231, 275), (233, 322), (233, 292), (241, 376), (241, 377), (247, 398), (247, 260), (253, 832), (253, 561), (260, 579), (260, 580), (267, 477), (267, 457), (273, 523), (273, 503), (275, 497), (275, 557), (277, 459), (277, 582), (292, 425), (292, 503), (293, 493), (294, 437), (294, 455), (300, 521), (300, 557), (306, 442), (306, 582), (315, 868), (315, 895), (349, 467), (349, 494), (353, 457), (353, 580), (361, 868), (361, 567), (364, 442), (369, 557), (369, 455), (376, 586), (376, 582), (377, 550), (377, 582), (398, 521), (398, 457), (401, 457), (401, 455), (402, 580), (402, 455), (437, 609), (442, 853), (442, 868), (457, 714), (457, 609), (471, 720), (477, 669), (477, 622), (493, 621), (493, 754), (494, 638), (494, 754), (497, 669), (497, 678), (521, 669), (523, 593), (525, 669), (550, 720), (561, 832), (561, 895), (579, 714), (579, 707), (580, 609), (582, 720), (582, 895), (586, 853), (586, 832), (621, 864), (621, 754), (754, 864)]
	Crossbar: 3
	Rows: 105
	Columns: 128
	Nodes: [1, 3, 5, 9, 12, 13, 14, 18, 21, 23, 26, 30, 31, 41, 43, 49, 57, 64, 66, 71, 77, 83, 91, 93, 103, 107, 109, 121, 123, 129, 134, 140, 143, 159, 166, 182, 193, 206, 208, 222, 246, 255, 259, 273, 287, 297, 298, 335, 345, 379, 381, 386, 405, 409, 416, 421, 437, 440, 443, 456, 458, 473, 489, 491, 509, 514, 524, 548, 557, 558, 581, 584, 603, 604, 627, 629, 630, 635, 655, 673, 680, 682, 683, 691, 693, 698, 736, 745, 747, 748, 749, 762, 771, 776, 784, 795, 798, 833, 842, 848, 850, 851, 863, 872, 888]
	Edges: [(1, 9), (3, 12), (5, 18), (5, 14), (9, 31), (9, 23), (12, 121), (12, 123), (13, 26), (13, 41), (14, 21), (18, 30), (21, 77), (21, 49), (23, 71), (26, 43), (26, 57), (41, 66), (41, 83), (49, 140), (49, 93), (57, 143), (64, 129), (66, 159), (66, 109), (77, 103), (77, 107), (83, 134), (91, 440), (91, 443), (103, 456), (103, 872), (107, 458), (107, 888), (109, 206), (109, 166), (121, 456), (121, 489), (123, 458), (123, 491), (129, 193), (129, 246), (143, 222), (143, 182), (159, 193), (159, 208), (166, 386), (166, 381), (206, 416), (208, 297), (208, 345), (222, 273), (222, 255), (246, 298), (246, 259), (255, 473), (255, 514), (259, 421), (259, 581), (287, 558), (297, 524), (297, 409), (298, 581), (298, 584), (335, 440), (345, 548), (345, 581), (379, 405), (379, 473), (386, 548), (386, 437), (405, 655), (409, 603), (416, 655), (437, 691), (440, 673), (440, 872), (443, 693), (456, 673), (456, 604), (473, 655), (473, 691), (489, 693), (489, 627), (491, 698), (491, 630), (509, 629), (509, 635), (557, 603), (558, 680), (558, 682), (581, 603), (584, 683), (584, 603), (604, 745), (627, 745), (627, 747), (629, 795), (629, 798), (630, 748), (630, 749), (635, 771), (635, 798), (673, 784), (680, 795), (680, 776), (682, 771), (682, 776), (691, 762), (693, 784), (693, 747), (698, 736), (698, 749), (745, 872), (747, 872), (748, 888), (749, 888), (762, 850), (771, 851), (771, 848), (776, 833), (776, 848), (784, 842), (784, 851), (795, 851), (795, 863), (798, 833), (798, 863)]
	Crossbar: 4
	Rows: 94
	Columns: 128
	Nodes: [0, 7, 10, 20, 27, 28, 44, 59, 94, 96, 111, 154, 164, 192, 193, 201, 206, 228, 254, 262, 283, 286, 299, 301, 305, 318, 355, 371, 399, 403, 416, 419, 439, 445, 471, 495, 503, 518, 526, 528, 543, 552, 562, 564, 592, 608, 617, 631, 637, 648, 656, 672, 675, 689, 690, 694, 702, 712, 713, 715, 716, 720, 721, 740, 763, 773, 780, 782, 785, 787, 792, 799, 805, 806, 807, 816, 819, 821, 823, 828, 829, 833, 837, 843, 851, 853, 873, 876, 883, 886, 889, 890, 891, 895]
	Edges: [(0, 7), (0, 10), (7, 27), (7, 20), (10, 28), (28, 44), (28, 59), (59, 96), (59, 111), (94, 206), (111, 192), (154, 445), (154, 564), (164, 403), (164, 299), (193, 399), (193, 301), (201, 286), (206, 305), (228, 371), (228, 254), (254, 562), (254, 526), (262, 471), (262, 419), (283, 495), (283, 416), (286, 552), (286, 503), (299, 543), (299, 503), (301, 526), (301, 552), (305, 526), (305, 543), (318, 562), (355, 562), (355, 552), (371, 562), (371, 439), (399, 552), (399, 528), (403, 528), (403, 503), (416, 592), (419, 617), (419, 694), (439, 843), (439, 637), (445, 672), (445, 675), (471, 721), (495, 631), (495, 702), (518, 656), (562, 787), (562, 608), (564, 689), (564, 690), (592, 886), (617, 773), (617, 821), (631, 785), (631, 780), (648, 823), (656, 773), (656, 806), (672, 828), (672, 829), (675, 816), (675, 829), (689, 828), (689, 819), (690, 816), (690, 819), (694, 763), (694, 821), (702, 782), (702, 780), (712, 807), (712, 799), (713, 837), (713, 805), (715, 740), (715, 799), (716, 805), (720, 807), (720, 876), (721, 740), (721, 876), (740, 853), (740, 873), (763, 837), (763, 895), (773, 837), (773, 891), (780, 883), (780, 886), (785, 886), (787, 843), (792, 890), (799, 876), (799, 873), (805, 853), (805, 837), (806, 876), (806, 895), (807, 853), (807, 876), (816, 851), (816, 889), (819, 883), (819, 889), (821, 876), (821, 891), (823, 837), (828, 851), (828, 890), (829, 883), (829, 890), (833, 886), (837, 891), (851, 889), (853, 876), (876, 891), (883, 890), (886, 890), (891, 895)]
	Crossbar: 5
	Rows: 90
	Columns: 128
	Nodes: [18, 29, 65, 79, 128, 147, 186, 204, 240, 281, 328, 347, 357, 366, 387, 400, 414, 417, 436, 467, 472, 475, 482, 499, 506, 522, 527, 543, 555, 565, 574, 576, 598, 602, 613, 628, 632, 634, 641, 651, 655, 667, 674, 676, 684, 685, 705, 709, 710, 714, 726, 730, 738, 744, 747, 750, 754, 760, 768, 774, 775, 777, 779, 783, 793, 796, 802, 803, 815, 834, 838, 840, 841, 842, 843, 844, 850, 857, 858, 864, 865, 874, 875, 877, 884, 885, 886, 889, 894, 895]
	Edges: [(18, 29), (29, 65), (29, 79), (65, 128), (79, 147), (128, 475), (128, 499), (147, 527), (147, 555), (186, 357), (204, 328), (240, 366), (240, 400), (281, 436), (328, 565), (328, 472), (347, 522), (357, 475), (357, 527), (366, 499), (366, 555), (387, 628), (414, 895), (414, 840), (417, 685), (417, 840), (436, 685), (436, 884), (467, 667), (467, 783), (472, 895), (475, 705), (475, 641), (482, 843), (482, 674), (506, 710), (522, 865), (522, 632), (527, 655), (543, 655), (555, 634), (555, 613), (565, 895), (565, 676), (574, 685), (576, 714), (598, 744), (602, 774), (628, 815), (632, 783), (632, 865), (634, 760), (634, 775), (641, 796), (641, 834), (651, 777), (651, 768), (655, 760), (655, 886), (667, 865), (667, 783), (676, 738), (676, 895), (684, 730), (685, 895), (685, 726), (705, 834), (709, 730), (709, 803), (710, 779), (710, 768), (714, 760), (714, 750), (726, 895), (726, 840), (730, 842), (730, 841), (738, 895), (738, 884), (744, 864), (744, 838), (747, 834), (750, 886), (750, 875), (754, 857), (760, 843), (760, 886), (768, 877), (768, 894), (774, 877), (774, 889), (775, 886), (775, 885), (777, 838), (777, 894), (779, 838), (779, 889), (783, 865), (783, 858), (793, 865), (793, 842), (796, 865), (802, 865), (802, 834), (803, 865), (803, 841), (815, 884), (834, 877), (834, 886), (838, 895), (838, 889), (840, 895), (841, 895), (842, 895), (843, 886), (844, 875), (850, 875), (857, 895), (857, 874), (858, 895), (858, 885), (864, 895), (865, 895), (865, 886), (874, 895), (877, 895), (877, 889), (884, 895)]
	Crossbar: 6
	Rows: 104
	Columns: 127
	Nodes: [4, 10, 13, 16, 35, 36, 50, 51, 63, 94, 108, 111, 125, 150, 151, 163, 168, 171, 173, 179, 195, 204, 228, 232, 263, 283, 309, 318, 329, 339, 358, 368, 370, 373, 380, 408, 414, 423, 427, 432, 465, 487, 492, 503, 508, 509, 512, 514, 519, 526, 530, 536, 552, 560, 566, 568, 575, 576, 596, 610, 616, 618, 625, 633, 638, 639, 646, 647, 655, 660, 661, 662, 669, 671, 681, 683, 692, 697, 724, 727, 728, 746, 752, 753, 764, 765, 772, 791, 792, 800, 801, 836, 839, 843, 847, 860, 862, 863, 871, 881, 885, 886, 892, 895]
	Edges: [(4, 16), (4, 13), (10, 35), (16, 36), (35, 51), (36, 50), (36, 63), (50, 163), (50, 151), (51, 111), (51, 125), (63, 94), (108, 575), (111, 168), (125, 204), (150, 173), (151, 179), (151, 195), (163, 228), (168, 368), (168, 370), (171, 380), (173, 368), (173, 339), (179, 318), (179, 283), (195, 373), (195, 309), (204, 358), (232, 263), (263, 509), (263, 408), (309, 492), (318, 508), (329, 432), (339, 414), (339, 566), (358, 519), (358, 512), (368, 566), (368, 512), (370, 427), (370, 512), (373, 487), (373, 576), (380, 414), (380, 512), (408, 610), (408, 616), (423, 596), (427, 895), (432, 610), (432, 683), (465, 639), (492, 646), (492, 625), (503, 633), (508, 655), (508, 660), (514, 633), (514, 662), (519, 895), (519, 661), (526, 843), (526, 618), (530, 692), (536, 655), (536, 647), (552, 610), (552, 681), (560, 885), (568, 596), (575, 610), (575, 697), (576, 625), (596, 752), (596, 801), (610, 863), (610, 765), (618, 791), (618, 843), (633, 792), (638, 843), (638, 764), (639, 724), (647, 746), (647, 886), (662, 800), (662, 801), (669, 843), (669, 791), (671, 863), (671, 753), (681, 727), (681, 765), (683, 800), (683, 752), (692, 792), (692, 772), (697, 728), (697, 765), (724, 863), (724, 892), (727, 863), (727, 836), (728, 863), (728, 860), (746, 843), (746, 885), (752, 862), (753, 843), (753, 836), (764, 839), (765, 843), (765, 863), (772, 886), (772, 892), (791, 843), (791, 871), (792, 863), (800, 847), (801, 881), (836, 892), (839, 885), (847, 892), (862, 881), (881, 892)]
	Crossbar: 7
	Rows: 89
	Columns: 126
	Nodes: [2, 6, 15, 17, 22, 32, 33, 40, 42, 69, 70, 76, 81, 158, 165, 169, 170, 203, 245, 309, 324, 341, 356, 381, 384, 385, 405, 421, 449, 451, 458, 485, 486, 487, 521, 575, 594, 599, 605, 608, 609, 625, 628, 643, 646, 657, 658, 668, 670, 674, 677, 678, 686, 687, 695, 704, 707, 731, 733, 736, 737, 739, 748, 755, 761, 770, 778, 781, 782, 785, 787, 789, 794, 809, 811, 833, 840, 844, 849, 854, 856, 859, 869, 879, 880, 882, 883, 887, 889]
	Edges: [(2, 17), (2, 42), (6, 15), (15, 33), (15, 32), (17, 40), (17, 22), (22, 81), (22, 170), (33, 69), (40, 76), (40, 203), (42, 70), (42, 245), (69, 158), (70, 203), (70, 170), (76, 203), (76, 840), (81, 840), (81, 170), (158, 165), (158, 169), (165, 324), (170, 385), (170, 643), (203, 670), (203, 356), (245, 384), (309, 449), (324, 451), (324, 575), (341, 485), (356, 840), (356, 670), (381, 486), (381, 485), (384, 670), (384, 628), (385, 840), (385, 643), (405, 658), (421, 686), (421, 678), (449, 599), (449, 668), (458, 677), (458, 605), (485, 704), (486, 657), (486, 707), (487, 695), (487, 755), (521, 849), (594, 770), (599, 785), (599, 778), (605, 748), (605, 737), (608, 755), (608, 787), (609, 761), (609, 880), (625, 739), (625, 794), (628, 789), (646, 794), (657, 731), (657, 880), (658, 809), (658, 770), (668, 782), (668, 778), (670, 854), (670, 811), (674, 733), (674, 781), (677, 736), (677, 737), (678, 733), (678, 849), (686, 731), (686, 849), (687, 761), (687, 770), (695, 787), (695, 755), (704, 781), (704, 880), (707, 809), (707, 880), (731, 856), (733, 856), (733, 849), (736, 859), (736, 883), (737, 879), (737, 883), (739, 880), (748, 859), (755, 833), (755, 844), (761, 849), (761, 880), (770, 880), (778, 883), (778, 882), (782, 833), (782, 882), (785, 833), (787, 833), (789, 854), (794, 887), (794, 880), (809, 856), (809, 880), (811, 840), (811, 854), (833, 887), (844, 880), (849, 880), (856, 882), (859, 883), (869, 880), (883, 889), (887, 889)]
	Crossbar: 8
	Rows: 90
	Columns: 111
	Nodes: [25, 32, 39, 55, 61, 68, 69, 79, 84, 89, 95, 96, 116, 122, 136, 155, 162, 163, 168, 186, 213, 214, 229, 232, 235, 236, 240, 242, 244, 287, 302, 304, 319, 331, 336, 346, 355, 362, 378, 389, 394, 424, 428, 433, 446, 472, 480, 487, 504, 507, 516, 517, 525, 529, 536, 538, 563, 569, 590, 607, 611, 615, 616, 623, 640, 645, 646, 661, 666, 671, 717, 718, 734, 767, 769, 788, 797, 803, 808, 813, 848, 854, 867, 872, 882, 888, 889, 892, 894, 895]
	Edges: [(25, 84), (32, 61), (32, 68), (39, 55), (55, 136), (55, 162), (61, 116), (69, 155), (79, 89), (84, 122), (84, 163), (89, 536), (95, 186), (96, 168), (96, 214), (116, 186), (116, 240), (122, 232), (122, 244), (155, 242), (162, 186), (162, 229), (163, 213), (186, 302), (213, 378), (213, 389), (214, 346), (214, 362), (232, 355), (235, 336), (236, 336), (242, 304), (242, 319), (244, 287), (244, 394), (287, 504), (302, 446), (302, 536), (304, 563), (304, 433), (319, 480), (319, 428), (331, 516), (331, 517), (336, 569), (336, 517), (346, 569), (346, 538), (378, 487), (378, 525), (389, 487), (389, 424), (394, 487), (394, 507), (424, 718), (424, 769), (428, 623), (428, 894), (433, 640), (433, 894), (472, 611), (480, 607), (480, 888), (504, 671), (504, 645), (507, 590), (507, 645), (516, 666), (516, 808), (517, 666), (525, 769), (529, 623), (538, 717), (563, 615), (563, 872), (569, 666), (569, 854), (590, 813), (590, 797), (611, 788), (611, 895), (615, 803), (616, 734), (616, 767), (645, 734), (645, 797), (646, 767), (661, 808), (661, 895), (666, 895), (666, 808), (717, 895), (717, 788), (718, 767), (718, 769), (734, 867), (788, 895), (808, 895), (808, 854), (813, 867), (848, 894), (848, 892), (854, 895), (867, 889), (872, 894), (882, 894), (882, 892), (888, 894), (889, 894), (889, 895), (894, 895)]
	Crossbar: 9
	Rows: 99
	Columns: 128
	Nodes: [56, 60, 68, 88, 89, 95, 110, 140, 145, 167, 169, 184, 190, 252, 261, 314, 333, 383, 391, 418, 460, 462, 466, 470, 499, 524, 527, 534, 539, 542, 547, 548, 571, 592, 601, 602, 604, 606, 612, 613, 620, 622, 636, 637, 649, 650, 659, 660, 664, 665, 673, 679, 701, 708, 723, 732, 735, 739, 754, 756, 757, 766, 767, 769, 777, 781, 786, 796, 797, 804, 810, 814, 817, 818, 820, 830, 831, 834, 841, 842, 843, 845, 849, 851, 864, 866, 869, 870, 871, 872, 874, 875, 877, 886, 887, 890, 892, 893, 894]
	Edges: [(56, 145), (60, 145), (60, 110), (68, 88), (68, 95), (88, 184), (88, 252), (89, 466), (95, 169), (110, 190), (110, 169), (140, 542), (140, 571), (145, 167), (145, 169), (169, 261), (252, 314), (252, 333), (261, 872), (261, 571), (333, 547), (383, 462), (391, 460), (418, 659), (460, 843), (460, 679), (462, 612), (462, 874), (466, 612), (466, 613), (470, 843), (470, 606), (499, 708), (499, 649), (524, 665), (524, 620), (527, 636), (534, 843), (534, 664), (539, 701), (539, 622), (542, 602), (547, 612), (547, 894), (548, 601), (548, 849), (571, 893), (571, 894), (592, 818), (601, 781), (601, 849), (602, 777), (604, 786), (606, 754), (606, 864), (612, 757), (612, 820), (613, 732), (613, 820), (620, 735), (622, 849), (622, 817), (636, 732), (636, 877), (637, 769), (637, 767), (649, 796), (649, 831), (650, 845), (650, 781), (659, 845), (659, 814), (660, 739), (660, 810), (664, 849), (664, 781), (665, 766), (665, 735), (673, 786), (679, 849), (679, 814), (701, 781), (701, 817), (708, 831), (723, 886), (723, 890), (732, 864), (732, 874), (735, 869), (735, 845), (739, 870), (756, 843), (757, 864), (757, 877), (766, 845), (767, 870), (769, 870), (769, 849), (781, 849), (786, 834), (786, 851), (796, 866), (797, 870), (797, 845), (804, 849), (810, 887), (814, 869), (817, 869), (817, 849), (818, 843), (818, 875), (820, 877), (820, 874), (830, 886), (830, 893), (831, 834), (831, 866), (841, 893), (842, 890), (845, 894), (851, 890), (864, 877), (866, 874), (870, 887), (871, 875), (874, 894), (875, 892), (892, 893)]
	Crossbar: 10
	Rows: 92
	Columns: 128
	Nodes: [30, 33, 47, 58, 62, 82, 86, 98, 108, 119, 133, 136, 149, 156, 165, 172, 212, 221, 224, 238, 250, 269, 270, 274, 280, 282, 293, 307, 308, 312, 321, 331, 337, 375, 407, 411, 450, 451, 484, 519, 520, 533, 537, 540, 541, 546, 549, 556, 559, 583, 588, 591, 595, 597, 598, 600, 607, 610, 615, 619, 623, 624, 626, 653, 684, 685, 688, 709, 719, 722, 725, 726, 729, 742, 743, 745, 749, 758, 793, 812, 825, 826, 835, 838, 841, 842, 855, 859, 861, 864, 879, 884]
	Edges: [(30, 82), (30, 47), (33, 58), (47, 156), (47, 108), (58, 98), (58, 149), (62, 133), (82, 86), (82, 119), (86, 556), (86, 583), (98, 165), (98, 224), (108, 588), (119, 451), (119, 484), (133, 238), (133, 221), (136, 165), (136, 212), (156, 537), (156, 407), (165, 307), (172, 375), (172, 270), (212, 321), (212, 269), (221, 331), (221, 270), (224, 312), (224, 282), (238, 280), (250, 308), (269, 861), (269, 835), (270, 540), (274, 549), (280, 541), (280, 519), (282, 484), (282, 588), (293, 450), (307, 556), (307, 537), (308, 546), (308, 533), (312, 583), (312, 407), (321, 841), (337, 540), (375, 540), (375, 520), (407, 653), (411, 855), (411, 619), (450, 591), (450, 826), (451, 719), (451, 600), (484, 607), (484, 626), (520, 685), (533, 610), (533, 835), (537, 610), (537, 598), (540, 685), (540, 726), (541, 595), (546, 597), (546, 841), (549, 615), (549, 841), (556, 597), (556, 684), (559, 597), (583, 615), (583, 709), (588, 623), (588, 653), (591, 855), (591, 826), (595, 726), (597, 842), (597, 793), (598, 825), (600, 725), (600, 743), (607, 859), (607, 742), (615, 842), (619, 826), (619, 855), (623, 838), (623, 729), (624, 722), (624, 812), (626, 725), (626, 742), (653, 825), (653, 729), (684, 793), (688, 758), (688, 812), (719, 859), (719, 743), (722, 855), (725, 859), (725, 861), (729, 864), (729, 835), (742, 855), (742, 861), (743, 855), (743, 859), (745, 842), (749, 879), (758, 855), (758, 879), (812, 879), (825, 838), (825, 835), (826, 855), (855, 884), (855, 879), (859, 884), (861, 884)]
	Crossbar: 11
	Rows: 18
	Columns: 18
	Nodes: [78, 148, 160, 161, 190, 192, 238, 330, 358, 382, 456, 458, 542, 572, 633, 639, 696, 723]
	Edges: [(78, 148), (148, 238), (148, 192), (160, 238), (161, 542), (190, 382), (190, 330), (238, 358), (330, 458), (330, 572), (382, 456), (382, 542), (542, 633), (572, 633), (572, 696), (633, 723), (639, 723), (696, 723)]
	Crossbar: 12
	Rows: 101
	Columns: 123
	Nodes: [1, 19, 20, 24, 27, 31, 38, 45, 48, 54, 62, 71, 74, 78, 85, 94, 105, 112, 118, 126, 131, 137, 139, 142, 144, 152, 153, 157, 168, 172, 175, 178, 180, 181, 183, 185, 188, 191, 200, 205, 210, 216, 223, 226, 235, 239, 256, 262, 266, 272, 281, 284, 285, 296, 310, 317, 323, 326, 337, 352, 360, 392, 393, 404, 409, 430, 463, 485, 505, 511, 512, 515, 518, 532, 539, 541, 550, 554, 567, 568, 570, 578, 585, 589, 593, 595, 609, 617, 644, 648, 662, 712, 715, 759, 827, 837, 852, 869, 873, 881, 895]
	Edges: [(1, 19), (19, 24), (19, 38), (20, 54), (20, 45), (24, 74), (27, 62), (27, 78), (31, 85), (31, 48), (45, 118), (45, 152), (48, 153), (48, 157), (54, 112), (54, 142), (62, 112), (71, 126), (71, 137), (74, 131), (74, 139), (78, 144), (85, 105), (85, 126), (94, 216), (105, 181), (112, 191), (112, 172), (118, 168), (126, 200), (126, 183), (131, 205), (131, 223), (137, 226), (139, 205), (142, 210), (142, 180), (144, 168), (144, 235), (152, 210), (153, 178), (153, 239), (175, 310), (180, 337), (180, 285), (181, 266), (181, 393), (183, 393), (185, 272), (185, 262), (188, 352), (191, 284), (191, 541), (205, 360), (205, 296), (210, 284), (216, 392), (216, 485), (223, 317), (223, 256), (226, 323), (226, 404), (235, 281), (239, 352), (239, 326), (256, 554), (256, 895), (266, 589), (266, 570), (272, 515), (284, 541), (284, 512), (285, 578), (296, 550), (296, 515), (310, 409), (310, 430), (317, 505), (317, 518), (323, 463), (323, 585), (326, 895), (337, 532), (352, 505), (352, 570), (360, 515), (392, 539), (392, 568), (393, 463), (393, 895), (404, 511), (404, 895), (409, 593), (430, 662), (485, 609), (505, 644), (511, 712), (511, 715), (512, 895), (515, 617), (515, 895), (518, 895), (541, 895), (550, 873), (554, 712), (554, 873), (567, 873), (567, 895), (568, 609), (570, 644), (570, 895), (585, 712), (585, 895), (589, 644), (589, 648), (593, 759), (595, 895), (644, 837), (644, 827), (648, 827), (759, 852), (852, 881), (869, 881)]
	Crossbar: 13
	Rows: 64
	Columns: 73
	Nodes: [35, 43, 63, 67, 100, 115, 125, 127, 135, 141, 152, 160, 177, 189, 192, 210, 211, 217, 220, 225, 237, 245, 247, 248, 257, 264, 288, 291, 300, 313, 325, 338, 344, 348, 374, 379, 387, 391, 395, 396, 397, 418, 423, 425, 426, 513, 523, 528, 529, 534, 535, 560, 565, 577, 610, 643, 650, 655, 687, 741, 835, 840, 854, 884]
	Edges: [(35, 67), (43, 135), (43, 127), (63, 141), (67, 160), (67, 100), (100, 210), (100, 217), (115, 220), (125, 192), (127, 189), (127, 247), (135, 211), (135, 225), (141, 248), (152, 192), (160, 177), (177, 313), (177, 348), (189, 374), (189, 379), (192, 344), (192, 396), (210, 565), (211, 257), (211, 395), (217, 338), (217, 396), (220, 397), (220, 264), (225, 288), (225, 300), (237, 291), (245, 387), (248, 391), (248, 325), (257, 418), (257, 535), (264, 426), (264, 560), (291, 529), (313, 854), (313, 513), (325, 425), (325, 423), (338, 840), (338, 577), (344, 854), (348, 840), (374, 534), (374, 425), (387, 643), (391, 425), (395, 534), (395, 523), (396, 884), (418, 610), (423, 655), (425, 655), (425, 687), (513, 854), (523, 610), (528, 610), (529, 835), (535, 610), (535, 650), (560, 655), (577, 884), (643, 741), (643, 884), (741, 840), (741, 884), (840, 884)]
	Crossbar: 14
	Rows: 89
	Columns: 117
	Nodes: [14, 24, 34, 52, 53, 65, 73, 91, 105, 114, 124, 132, 138, 149, 178, 183, 188, 196, 197, 200, 215, 230, 234, 268, 272, 276, 291, 303, 311, 320, 326, 333, 340, 342, 347, 351, 360, 363, 364, 365, 388, 390, 400, 410, 411, 413, 429, 431, 434, 438, 441, 446, 447, 448, 454, 459, 463, 466, 470, 476, 479, 481, 488, 490, 500, 505, 587, 607, 614, 624, 652, 677, 688, 698, 711, 713, 716, 751, 764, 823, 827, 832, 843, 853, 861, 868, 873, 888, 895]
	Edges: [(14, 34), (24, 73), (34, 53), (34, 52), (53, 91), (53, 138), (65, 114), (73, 124), (73, 132), (105, 197), (114, 446), (114, 481), (124, 234), (124, 188), (138, 441), (138, 448), (149, 196), (178, 363), (178, 365), (183, 320), (188, 342), (196, 347), (196, 311), (197, 276), (197, 351), (200, 303), (200, 459), (215, 388), (215, 390), (230, 390), (234, 363), (234, 364), (268, 441), (272, 413), (276, 413), (276, 479), (291, 438), (303, 459), (303, 476), (311, 411), (311, 490), (320, 463), (320, 488), (326, 447), (333, 500), (340, 410), (342, 454), (342, 895), (347, 470), (351, 459), (351, 413), (360, 587), (363, 587), (363, 479), (364, 587), (365, 431), (365, 479), (388, 832), (388, 895), (390, 873), (390, 895), (400, 481), (400, 466), (410, 614), (410, 832), (413, 713), (413, 716), (429, 688), (431, 853), (431, 873), (434, 861), (438, 607), (438, 861), (441, 677), (441, 888), (447, 614), (447, 873), (448, 698), (448, 888), (454, 614), (454, 868), (459, 853), (459, 652), (463, 614), (463, 751), (476, 853), (476, 895), (479, 713), (479, 895), (481, 688), (481, 624), (488, 614), (488, 895), (490, 843), (490, 711), (500, 688), (500, 888), (505, 832), (587, 713), (587, 832), (614, 853), (614, 751), (652, 751), (652, 853), (711, 764), (711, 843), (716, 823), (751, 853), (751, 868), (764, 843), (823, 832), (827, 853), (827, 832), (832, 895), (861, 888), (868, 873), (873, 895)]
