Benchmark: apex5
Inputs: 117
Outputs: 88
BDD type: SBDD
BDD construct time (s): 0.47226762771606445
	Output variables: f0, f1, f2, f3, f4, f5, f6, f7, f8, f9, f10, f11, f12, f13, f14, f15, f16, f17, f18, f19, f20, f21, f22, f23, f24, f25, f26, f27, f28, f29, f30, f31, f32, f33, f34, f35, f36, f37, f38, f39, f40, f41, f42, f43, f44, f45, f46, f47, f48, f49, f50, f51, f52, f53, f54, f55, f56, f57, f58, f59, f60, f61, f62, f63, f64, f65, f66, f67, f68, f69, f70, f71, f72, f73, f74, f75, f76, f77, f78, f79, f80, f81, f82, f83, f84, f85, f86, f87
	Nodes: 1259
	Edges: 2514
	BDD show time (s): 0.08482575416564941
Partition alpha: 0.5
Partition D: 1024
Partition K: 3
Partition ILP time (s): 604.5213465690613
Partition status: Optimal
Partition objective S: 631.5
N: 3
I: 1260
Roots: [0, 1, 2, 3, 4, 5, 6, 7, 8, 9, 10, 11, 12, 13, 14, 15, 16, 17, 18, 19, 20, 21, 22, 23, 123, 124, 125, 126, 127, 128, 129, 130, 131, 132, 135, 138, 139, 140, 141, 143, 144, 145, 147, 148, 149, 153, 154, 155, 156, 158, 159, 160, 161, 162, 164, 165, 166, 167, 168, 170, 171, 172, 174, 175, 178, 179, 180, 181, 183, 184, 185, 186, 187, 188, 189, 190, 191, 192, 193, 875, 1207, 1208, 1253, 1255, 1256, 1258]
Terminal: [1257]
Gap (%): 17.18
	Crossbar: 0
	Rows: 437
	Columns: 828
	Nodes: [11, 12, 18, 19, 26, 27, 33, 34, 59, 60, 66, 67, 73, 75, 81, 82, 107, 108, 114, 115, 123, 125, 126, 127, 128, 129, 131, 136, 137, 139, 141, 144, 150, 151, 152, 153, 155, 156, 157, 158, 161, 166, 170, 175, 177, 178, 180, 182, 183, 185, 189, 192, 194, 195, 198, 200, 211, 212, 213, 214, 216, 218, 219, 221, 223, 224, 228, 232, 233, 234, 235, 236, 237, 240, 243, 245, 246, 248, 251, 253, 254, 255, 261, 262, 267, 269, 279, 280, 281, 282, 284, 285, 287, 288, 289, 293, 297, 298, 299, 300, 301, 302, 305, 308, 310, 312, 313, 315, 317, 319, 321, 323, 329, 330, 331, 333, 335, 341, 347, 348, 349, 350, 351, 352, 353, 357, 358, 359, 367, 368, 369, 370, 371, 372, 373, 374, 377, 378, 381, 384, 385, 386, 387, 391, 393, 394, 397, 402, 406, 407, 408, 410, 414, 417, 420, 423, 424, 425, 426, 427, 431, 433, 434, 435, 437, 439, 440, 444, 445, 446, 447, 449, 450, 454, 455, 460, 461, 463, 464, 465, 466, 469, 474, 475, 477, 478, 481, 482, 485, 487, 489, 490, 497, 506, 507, 508, 510, 511, 512, 515, 518, 520, 521, 523, 525, 528, 529, 530, 534, 536, 538, 539, 541, 547, 548, 550, 551, 552, 553, 554, 556, 560, 561, 562, 564, 566, 569, 570, 571, 578, 579, 580, 581, 583, 585, 586, 587, 589, 590, 593, 594, 595, 596, 597, 598, 603, 604, 609, 610, 614, 615, 617, 619, 623, 624, 626, 627, 630, 631, 632, 633, 634, 638, 643, 645, 647, 650, 651, 652, 657, 659, 661, 663, 664, 665, 667, 670, 672, 673, 677, 679, 680, 682, 683, 684, 687, 691, 693, 704, 752, 754, 756, 757, 758, 759, 760, 763, 764, 765, 766, 770, 771, 772, 773, 776, 778, 782, 787, 788, 789, 794, 796, 797, 798, 799, 801, 802, 806, 808, 810, 811, 812, 814, 816, 817, 819, 820, 826, 828, 829, 830, 832, 834, 837, 841, 842, 843, 847, 849, 850, 856, 857, 860, 866, 869, 870, 871, 873, 874, 897, 898, 899, 901, 902, 903, 905, 906, 907, 909, 910, 911, 913, 914, 915, 916, 917, 919, 920, 921, 922, 923, 925, 926, 927, 928, 929, 931, 932, 933, 934, 935, 942, 943, 944, 946, 947, 948, 950, 951, 952, 954, 955, 956, 972, 986, 1043, 1061, 1076, 1124, 1135, 1164, 1168, 1169, 1172, 1174, 1176, 1177, 1179, 1180, 1186, 1187, 1190, 1192, 1194, 1196, 1197, 1209, 1210, 1213, 1214, 1217, 1218, 1221, 1222, 1225, 1226, 1229, 1230, 1231, 1232, 1235, 1236, 1239, 1240, 1243, 1244, 1250]
	Edges: [(11, 26), (11, 177), (12, 27), (12, 182), (18, 33), (18, 151), (19, 34), (19, 157), (26, 59), (26, 177), (27, 60), (27, 182), (33, 66), (33, 151), (34, 67), (34, 157), (59, 73), (59, 177), (60, 75), (60, 182), (66, 81), (66, 151), (67, 82), (67, 157), (73, 107), (73, 177), (75, 108), (75, 182), (81, 114), (81, 151), (82, 115), (82, 157), (107, 177), (107, 136), (108, 182), (108, 137), (114, 151), (114, 150), (115, 157), (115, 152), (123, 211), (123, 1222), (125, 254), (125, 1209), (126, 261), (126, 916), (127, 248), (127, 972), (128, 214), (128, 922), (129, 262), (129, 1210), (131, 251), (131, 704), (136, 235), (136, 901), (137, 237), (137, 897), (139, 212), (139, 929), (141, 228), (141, 1217), (144, 240), (144, 934), (150, 243), (150, 910), (151, 232), (151, 944), (152, 245), (152, 906), (153, 198), (153, 1135), (155, 200), (155, 1124), (156, 216), (156, 1213), (157, 234), (157, 948), (158, 255), (158, 1221), (161, 221), (161, 1214), (166, 213), (166, 1076), (170, 218), (170, 1061), (175, 246), (175, 1225), (177, 223), (177, 952), (178, 195), (178, 1226), (180, 253), (180, 1218), (182, 224), (182, 956), (183, 233), (183, 1043), (185, 236), (185, 986), (189, 194), (189, 1229), (192, 219), (192, 1230), (194, 1229), (194, 329), (195, 1226), (195, 315), (198, 1135), (198, 267), (200, 1124), (200, 269), (211, 1222), (211, 279), (212, 929), (212, 280), (213, 1076), (213, 281), (214, 922), (214, 282), (216, 1213), (216, 284), (218, 1061), (218, 285), (219, 1230), (219, 333), (221, 1214), (221, 287), (223, 952), (223, 288), (224, 956), (224, 289), (228, 1217), (228, 293), (232, 944), (232, 297), (233, 1043), (233, 298), (234, 948), (234, 299), (235, 901), (235, 300), (236, 986), (236, 301), (237, 897), (237, 302), (240, 934), (240, 305), (243, 910), (243, 308), (245, 906), (245, 310), (246, 1225), (246, 313), (248, 972), (248, 312), (251, 704), (251, 317), (253, 1218), (253, 319), (254, 1209), (254, 321), (255, 1221), (255, 323), (261, 916), (261, 330), (262, 1210), (262, 331), (267, 1135), (267, 410), (269, 1124), (269, 335), (279, 1222), (279, 372), (280, 929), (280, 348), (281, 1076), (281, 349), (282, 922), (282, 350), (284, 378), (284, 394), (285, 1061), (285, 351), (287, 384), (287, 397), (288, 952), (288, 358), (289, 956), (289, 359), (293, 1217), (293, 393), (297, 944), (297, 368), (298, 1043), (298, 369), (299, 948), (299, 370), (300, 901), (300, 371), (301, 986), (301, 373), (302, 897), (302, 374), (305, 934), (305, 377), (308, 910), (308, 381), (310, 906), (310, 385), (312, 972), (312, 387), (313, 386), (313, 1225), (315, 408), (315, 1226), (317, 704), (317, 391), (319, 1218), (319, 353), (321, 341), (321, 357), (323, 1221), (323, 407), (329, 406), (329, 1229), (330, 916), (330, 402), (331, 347), (331, 367), (333, 352), (333, 1230), (335, 1124), (335, 446), (341, 1209), (341, 417), (347, 1210), (347, 424), (348, 929), (348, 425), (349, 1076), (349, 463), (350, 922), (350, 426), (351, 1061), (351, 466), (352, 1230), (352, 427), (353, 474), (353, 1218), (357, 431), (357, 433), (358, 952), (358, 434), (359, 956), (359, 435), (367, 437), (367, 445), (368, 944), (368, 444), (369, 1043), (369, 481), (370, 948), (370, 447), (371, 901), (371, 449), (372, 423), (372, 1222), (373, 986), (373, 487), (374, 897), (374, 450), (377, 934), (377, 454), (378, 1213), (378, 455), (381, 910), (381, 460), (384, 1214), (384, 461), (385, 906), (385, 464), (386, 1225), (386, 465), (387, 972), (387, 414), (391, 704), (391, 420), (393, 440), (393, 1217), (394, 469), (394, 475), (397, 477), (397, 482), (402, 916), (402, 485), (406, 1229), (406, 489), (407, 478), (407, 1221), (408, 1226), (408, 490), (410, 1135), (410, 439), (414, 556), (414, 972), (417, 1209), (417, 497), (420, 561), (420, 704), (423, 1222), (423, 506), (424, 1210), (424, 507), (425, 929), (425, 564), (426, 922), (426, 552), (427, 1230), (427, 511), (431, 1209), (431, 515), (433, 539), (433, 571), (434, 952), (434, 518), (435, 956), (435, 521), (437, 1210), (437, 523), (439, 583), (439, 1135), (440, 1217), (440, 525), (444, 944), (444, 528), (445, 548), (445, 579), (446, 586), (446, 1124), (447, 948), (447, 530), (449, 901), (449, 534), (450, 897), (450, 538), (454, 934), (454, 569), (455, 1213), (455, 541), (460, 910), (460, 550), (461, 1214), (461, 551), (463, 508), (463, 1076), (464, 906), (464, 554), (465, 1225), (465, 553), (466, 510), (466, 1061), (469, 1213), (469, 560), (474, 1218), (474, 562), (475, 578), (475, 512), (477, 1214), (477, 566), (478, 1221), (478, 570), (481, 529), (481, 1043), (482, 585), (482, 520), (485, 916), (485, 547), (487, 536), (487, 986), (489, 1229), (489, 580), (490, 1226), (490, 581), (497, 1209), (497, 590), (506, 1222), (506, 598), (507, 1210), (507, 597), (508, 1076), (508, 652), (510, 1061), (510, 661), (511, 1230), (511, 604), (512, 650), (512, 633), (515, 1209), (515, 609), (518, 952), (518, 672), (520, 665), (520, 643), (521, 956), (521, 679), (523, 1210), (523, 617), (525, 1217), (525, 619), (528, 944), (528, 623), (529, 1043), (529, 624), (530, 948), (530, 632), (534, 683), (534, 664), (536, 986), (536, 630), (538, 687), (538, 667), (539, 1209), (539, 691), (541, 1213), (541, 634), (547, 593), (547, 916), (548, 1210), (548, 594), (550, 693), (550, 677), (551, 1214), (551, 645), (552, 595), (552, 922), (553, 1225), (553, 647), (554, 587), (554, 680), (556, 972), (556, 651), (560, 1213), (560, 657), (561, 704), (561, 659), (562, 1218), (562, 663), (564, 610), (564, 929), (566, 1214), (566, 670), (569, 615), (569, 934), (570, 1221), (570, 673), (571, 603), (571, 589), (578, 1213), (578, 627), (579, 614), (579, 596), (580, 1229), (580, 682), (581, 1226), (581, 684), (583, 1135), (583, 626), (585, 1214), (585, 638), (586, 1124), (586, 631), (587, 797), (587, 810), (589, 816), (589, 1209), (590, 1209), (590, 806), (593, 850), (593, 916), (594, 756), (594, 758), (595, 766), (595, 922), (596, 830), (596, 1210), (597, 1210), (597, 819), (598, 1222), (598, 757), (603, 873), (603, 874), (604, 1230), (604, 754), (609, 1209), (609, 808), (610, 772), (610, 929), (614, 759), (614, 760), (615, 829), (615, 934), (617, 1210), (617, 820), (619, 1217), (619, 778), (623, 787), (623, 944), (624, 1043), (624, 828), (626, 826), (626, 1135), (627, 796), (627, 798), (630, 986), (630, 771), (631, 770), (631, 1124), (632, 837), (632, 948), (633, 860), (633, 1213), (634, 1213), (634, 856), (638, 811), (638, 812), (643, 752), (643, 1214), (645, 1214), (645, 866), (647, 1225), (647, 773), (650, 799), (650, 801), (651, 972), (651, 765), (652, 764), (652, 1076), (657, 1213), (657, 857), (659, 704), (659, 849), (661, 847), (661, 1061), (663, 1218), (663, 834), (664, 843), (664, 901), (665, 814), (665, 817), (667, 763), (667, 897), (670, 1214), (670, 869), (672, 843), (672, 952), (673, 1221), (673, 842), (677, 787), (677, 910), (679, 763), (679, 956), (680, 837), (680, 906), (682, 1229), (682, 841), (683, 776), (683, 788), (684, 1226), (684, 832), (687, 782), (687, 789), (691, 870), (691, 871), (693, 794), (693, 802), (704, 1190), (704, 1172), (752, 956), (752, 1214), (754, 1230), (754, 932), (756, 1240), (756, 1210), (757, 1222), (757, 932), (758, 1232), (758, 1210), (759, 922), (759, 1210), (760, 905), (760, 1210), (763, 956), (763, 932), (764, 1240), (764, 919), (765, 1232), (765, 919), (766, 922), (766, 919), (770, 1243), (770, 927), (771, 1235), (771, 927), (772, 929), (772, 927), (773, 1225), (773, 913), (776, 901), (776, 902), (778, 1217), (778, 913), (782, 897), (782, 899), (787, 944), (787, 913), (788, 901), (788, 925), (789, 897), (789, 931), (794, 910), (794, 911), (796, 1243), (796, 1213), (797, 906), (797, 907), (798, 1235), (798, 1213), (799, 929), (799, 1213), (801, 903), (801, 1213), (802, 910), (802, 914), (806, 1225), (806, 1209), (808, 1217), (808, 1209), (810, 906), (810, 920), (811, 1244), (811, 1214), (812, 1236), (812, 1214), (814, 934), (814, 1214), (816, 944), (816, 1209), (817, 898), (817, 1214), (819, 1226), (819, 1210), (820, 1218), (820, 1210), (826, 1244), (826, 932), (828, 1236), (828, 932), (829, 934), (829, 932), (830, 948), (830, 1210), (832, 1226), (832, 919), (834, 1218), (834, 919), (837, 948), (837, 919), (841, 1229), (841, 927), (842, 1221), (842, 927), (843, 952), (843, 927), (847, 1239), (847, 913), (849, 1231), (849, 913), (850, 916), (850, 913), (856, 1229), (856, 1213), (857, 1221), (857, 1213), (860, 952), (860, 1213), (866, 1230), (866, 1214), (869, 1222), (869, 1214), (870, 1239), (870, 1209), (871, 1231), (871, 1209), (873, 916), (873, 1209), (874, 909), (874, 1209), (897, 956), (897, 935), (898, 1250), (899, 956), (899, 933), (901, 952), (901, 928), (902, 952), (902, 926), (903, 1250), (905, 1250), (906, 948), (906, 923), (907, 948), (907, 921), (909, 1250), (910, 944), (910, 917), (911, 944), (911, 915), (913, 1250), (914, 944), (914, 917), (915, 943), (915, 942), (916, 1250), (917, 943), (917, 942), (919, 1250), (920, 948), (920, 923), (921, 947), (921, 946), (922, 1250), (923, 947), (923, 946), (925, 952), (925, 928), (926, 951), (926, 950), (927, 1250), (928, 951), (928, 950), (929, 1250), (931, 956), (931, 935), (932, 1250), (933, 955), (933, 954), (934, 1250), (935, 955), (935, 954), (942, 1250), (942, 944), (943, 944), (943, 1250), (944, 1250), (946, 1250), (946, 948), (947, 948), (947, 1250), (948, 1250), (950, 1250), (950, 952), (951, 952), (951, 1250), (952, 1250), (954, 1250), (954, 956), (955, 956), (955, 1250), (956, 1250), (972, 1192), (972, 1174), (986, 1197), (986, 1179), (1043, 1164), (1043, 1180), (1061, 1186), (1061, 1168), (1076, 1187), (1076, 1169), (1124, 1194), (1124, 1176), (1135, 1196), (1135, 1177), (1164, 1250), (1164, 1236), (1168, 1239), (1169, 1240), (1172, 1231), (1174, 1232), (1176, 1243), (1177, 1244), (1179, 1235), (1180, 1236), (1186, 1250), (1186, 1239), (1187, 1250), (1187, 1240), (1190, 1250), (1190, 1231), (1192, 1250), (1192, 1232), (1194, 1250), (1194, 1243), (1196, 1250), (1196, 1244), (1197, 1250), (1197, 1235), (1209, 1250), (1210, 1250), (1213, 1250), (1214, 1250), (1217, 1250), (1218, 1250), (1221, 1250), (1222, 1250), (1225, 1250), (1226, 1250), (1229, 1250), (1230, 1250), (1231, 1250), (1232, 1250), (1235, 1250), (1236, 1250), (1239, 1250), (1240, 1250), (1243, 1250), (1244, 1250)]
	Crossbar: 1
	Rows: 498
	Columns: 939
	Nodes: [3, 5, 14, 15, 29, 31, 42, 44, 51, 53, 62, 64, 77, 79, 90, 92, 99, 105, 110, 112, 120, 121, 122, 124, 130, 132, 133, 134, 135, 138, 140, 142, 143, 145, 146, 147, 148, 149, 154, 159, 160, 162, 163, 164, 165, 167, 168, 169, 171, 172, 173, 174, 176, 179, 181, 184, 186, 187, 188, 190, 191, 193, 196, 197, 199, 201, 202, 203, 204, 205, 206, 207, 208, 209, 210, 215, 217, 220, 222, 225, 226, 227, 229, 230, 231, 238, 239, 241, 242, 244, 247, 249, 250, 252, 256, 257, 258, 259, 260, 263, 264, 265, 266, 268, 270, 271, 272, 273, 274, 275, 276, 277, 278, 283, 286, 290, 291, 292, 294, 295, 296, 303, 304, 306, 307, 309, 311, 314, 316, 318, 320, 322, 324, 325, 326, 327, 328, 332, 334, 336, 337, 338, 339, 340, 342, 343, 344, 345, 346, 354, 355, 356, 360, 361, 362, 363, 364, 365, 366, 375, 376, 379, 380, 382, 383, 388, 389, 390, 392, 395, 396, 398, 399, 400, 401, 403, 404, 405, 409, 411, 412, 413, 415, 416, 418, 419, 421, 422, 428, 429, 430, 432, 436, 438, 441, 442, 443, 448, 451, 452, 453, 456, 457, 458, 459, 462, 467, 468, 470, 471, 472, 473, 476, 479, 480, 483, 484, 486, 488, 491, 492, 493, 494, 495, 496, 498, 499, 500, 501, 502, 503, 504, 505, 509, 513, 514, 516, 517, 519, 522, 524, 526, 527, 531, 532, 533, 535, 537, 540, 542, 543, 544, 545, 546, 549, 555, 557, 558, 559, 563, 565, 567, 568, 572, 573, 574, 575, 576, 577, 582, 584, 588, 591, 592, 599, 600, 601, 602, 605, 606, 607, 608, 611, 612, 613, 616, 618, 620, 621, 622, 625, 628, 629, 635, 636, 637, 639, 640, 641, 642, 644, 646, 648, 649, 653, 654, 655, 656, 658, 660, 662, 666, 668, 669, 671, 674, 675, 676, 678, 681, 685, 686, 688, 689, 690, 692, 694, 723, 738, 749, 750, 751, 753, 755, 761, 762, 767, 768, 769, 774, 775, 777, 779, 780, 781, 783, 784, 785, 786, 790, 791, 792, 793, 795, 800, 803, 804, 805, 807, 809, 813, 815, 818, 821, 822, 823, 824, 825, 827, 831, 833, 835, 836, 838, 839, 840, 844, 845, 846, 848, 851, 852, 853, 854, 855, 858, 859, 861, 862, 863, 864, 865, 867, 868, 872, 875, 876, 877, 878, 879, 880, 881, 882, 883, 884, 885, 886, 887, 888, 889, 890, 891, 892, 893, 894, 895, 896, 900, 904, 908, 912, 918, 924, 930, 936, 937, 938, 939, 940, 941, 945, 949, 953, 957, 958, 959, 960, 961, 1009, 1024, 1102, 1112, 1144, 1151, 1165, 1166, 1167, 1170, 1171, 1173, 1175, 1178, 1182, 1184, 1185, 1188, 1189, 1191, 1193, 1195, 1198, 1199, 1200, 1201, 1202, 1203, 1204, 1205, 1206, 1211, 1212, 1215, 1216, 1219, 1220, 1223, 1224, 1227, 1228, 1233, 1234, 1237, 1238, 1241, 1242, 1245, 1246, 1247, 1248, 1249, 1250, 1251, 1252, 1253, 1254, 1255, 1256, 1257]
	Edges: [(3, 42), (3, 169), (5, 44), (5, 163), (14, 29), (14, 173), (15, 31), (15, 133), (29, 62), (29, 173), (31, 64), (31, 133), (42, 51), (42, 169), (44, 53), (44, 163), (51, 90), (51, 169), (53, 92), (53, 163), (62, 77), (62, 173), (64, 79), (64, 133), (77, 110), (77, 173), (79, 99), (79, 133), (90, 105), (90, 169), (92, 112), (92, 163), (99, 133), (99, 121), (105, 169), (105, 122), (110, 173), (110, 142), (112, 163), (112, 120), (120, 146), (120, 163), (121, 176), (121, 133), (122, 134), (122, 169), (124, 244), (124, 723), (130, 256), (130, 940), (132, 202), (132, 1249), (133, 231), (133, 878), (134, 257), (134, 885), (135, 259), (135, 1252), (138, 226), (138, 889), (140, 258), (140, 1151), (142, 239), (142, 893), (143, 230), (143, 896), (145, 263), (145, 1144), (146, 238), (146, 879), (147, 247), (147, 1212), (148, 207), (148, 1219), (149, 241), (149, 1223), (154, 217), (154, 750), (159, 205), (159, 1112), (160, 206), (160, 1216), (162, 209), (162, 1102), (163, 197), (163, 881), (164, 249), (164, 908), (165, 250), (165, 886), (167, 252), (167, 892), (168, 215), (168, 1215), (169, 229), (169, 1251), (171, 260), (171, 1224), (172, 199), (172, 1211), (173, 225), (173, 960), (174, 222), (174, 1024), (176, 264), (176, 876), (179, 227), (179, 1009), (181, 220), (181, 1227), (184, 208), (184, 1228), (186, 196), (186, 1220), (187, 201), (187, 904), (188, 203), (188, 900), (190, 204), (190, 883), (191, 242), (191, 738), (193, 210), (193, 1248), (196, 1220), (196, 265), (197, 881), (197, 266), (199, 1211), (199, 268), (201, 904), (201, 271), (202, 1249), (202, 270), (203, 900), (203, 272), (204, 883), (204, 273), (205, 1112), (205, 274), (206, 1216), (206, 275), (207, 1219), (207, 276), (208, 1228), (208, 322), (209, 1102), (209, 277), (210, 1248), (210, 278), (215, 1215), (215, 283), (217, 749), (217, 751), (220, 1227), (220, 320), (222, 1024), (222, 286), (225, 960), (225, 290), (226, 889), (226, 291), (227, 1009), (227, 292), (229, 1251), (229, 294), (230, 896), (230, 295), (231, 878), (231, 296), (238, 879), (238, 303), (239, 893), (239, 304), (241, 1223), (241, 306), (242, 738), (242, 307), (244, 723), (244, 309), (247, 1212), (247, 311), (249, 908), (249, 314), (250, 886), (250, 316), (252, 892), (252, 318), (256, 940), (256, 324), (257, 885), (257, 325), (258, 1151), (258, 326), (259, 1252), (259, 327), (260, 1224), (260, 328), (263, 1144), (263, 332), (264, 876), (264, 334), (265, 1220), (265, 362), (266, 881), (266, 409), (268, 354), (268, 379), (270, 1249), (270, 336), (271, 904), (271, 337), (272, 900), (272, 338), (273, 883), (273, 339), (274, 1112), (274, 340), (275, 1216), (275, 382), (276, 1219), (276, 395), (277, 1102), (277, 343), (278, 1248), (278, 344), (283, 1215), (283, 390), (286, 1024), (286, 356), (290, 960), (290, 360), (291, 889), (291, 361), (292, 1009), (292, 363), (294, 1251), (294, 364), (295, 896), (295, 365), (296, 878), (296, 366), (303, 879), (303, 375), (304, 893), (304, 376), (306, 1223), (306, 396), (307, 738), (307, 380), (309, 723), (309, 383), (311, 403), (311, 345), (314, 908), (314, 388), (316, 886), (316, 389), (318, 892), (318, 392), (320, 355), (320, 1227), (322, 342), (322, 1228), (324, 940), (324, 398), (325, 885), (325, 399), (326, 1151), (326, 400), (327, 1252), (327, 401), (328, 1224), (328, 346), (332, 1144), (332, 404), (334, 876), (334, 405), (336, 1249), (336, 412), (337, 904), (337, 411), (338, 900), (338, 413), (339, 883), (339, 415), (340, 1112), (340, 451), (342, 1228), (342, 419), (343, 1102), (343, 458), (344, 1248), (344, 421), (345, 416), (345, 422), (346, 484), (346, 1224), (354, 1211), (354, 429), (355, 1227), (355, 430), (356, 1024), (356, 472), (360, 960), (360, 436), (361, 889), (361, 438), (362, 492), (362, 1220), (363, 1009), (363, 476), (364, 1251), (364, 441), (365, 896), (365, 442), (366, 878), (366, 443), (375, 879), (375, 452), (376, 893), (376, 453), (379, 448), (379, 457), (380, 738), (380, 491), (382, 459), (382, 462), (383, 723), (383, 494), (388, 908), (388, 467), (389, 886), (389, 470), (390, 468), (390, 471), (392, 892), (392, 473), (395, 418), (395, 1219), (396, 456), (396, 1223), (398, 940), (398, 479), (399, 885), (399, 480), (400, 1151), (400, 428), (401, 1252), (401, 483), (403, 1212), (403, 486), (404, 1144), (404, 432), (405, 876), (405, 488), (409, 881), (409, 493), (411, 904), (411, 531), (412, 1249), (412, 558), (413, 900), (413, 532), (415, 883), (415, 535), (416, 1212), (416, 496), (418, 1219), (418, 498), (419, 1228), (419, 500), (421, 1248), (421, 537), (422, 516), (422, 505), (428, 572), (428, 1151), (429, 1211), (429, 513), (430, 1227), (430, 514), (432, 575), (432, 1144), (436, 960), (436, 522), (438, 889), (438, 565), (441, 1251), (441, 526), (442, 896), (442, 567), (443, 878), (443, 527), (448, 1211), (448, 533), (451, 495), (451, 1112), (452, 879), (452, 540), (453, 893), (453, 542), (456, 1223), (456, 543), (457, 557), (457, 545), (458, 503), (458, 1102), (459, 1216), (459, 546), (462, 568), (462, 501), (467, 908), (467, 499), (468, 1215), (468, 559), (470, 886), (470, 502), (471, 576), (471, 509), (472, 517), (472, 1024), (473, 892), (473, 504), (476, 524), (476, 1009), (479, 940), (479, 555), (480, 885), (480, 519), (483, 1252), (483, 563), (484, 1224), (484, 573), (486, 1212), (486, 574), (488, 876), (488, 577), (491, 544), (491, 738), (492, 1220), (492, 582), (493, 881), (493, 584), (494, 549), (494, 723), (495, 1112), (495, 639), (496, 1212), (496, 588), (498, 1219), (498, 591), (499, 655), (499, 908), (500, 1228), (500, 592), (501, 635), (501, 640), (502, 658), (502, 886), (503, 1102), (503, 646), (504, 662), (504, 892), (505, 641), (505, 621), (509, 649), (509, 653), (513, 1211), (513, 605), (514, 1227), (514, 606), (516, 1212), (516, 674), (517, 1024), (517, 611), (519, 671), (519, 660), (522, 960), (522, 668), (524, 1009), (524, 618), (526, 1251), (526, 654), (527, 878), (527, 602), (531, 689), (531, 904), (532, 692), (532, 900), (533, 1211), (533, 628), (535, 694), (535, 883), (537, 690), (537, 1248), (540, 629), (540, 675), (542, 688), (542, 669), (543, 1223), (543, 636), (544, 738), (544, 637), (545, 685), (545, 666), (546, 1216), (546, 642), (549, 723), (549, 644), (555, 599), (555, 940), (557, 1211), (557, 601), (558, 600), (558, 1249), (559, 1215), (559, 656), (563, 608), (563, 1252), (565, 616), (565, 889), (567, 622), (567, 896), (568, 1216), (568, 612), (572, 1151), (572, 613), (573, 1224), (573, 676), (574, 1212), (574, 681), (575, 1144), (575, 620), (576, 1215), (576, 625), (577, 678), (577, 607), (582, 1220), (582, 686), (584, 881), (584, 648), (588, 1212), (588, 777), (591, 1219), (591, 872), (592, 1228), (592, 853), (599, 864), (599, 940), (600, 753), (600, 1249), (601, 767), (601, 768), (602, 795), (602, 878), (605, 1211), (605, 835), (606, 1227), (606, 867), (607, 795), (607, 876), (608, 855), (608, 1252), (611, 1024), (611, 780), (612, 803), (612, 804), (613, 779), (613, 1151), (616, 889), (616, 775), (618, 1009), (618, 861), (620, 859), (620, 1144), (621, 852), (621, 1212), (622, 896), (622, 781), (625, 821), (625, 822), (628, 1211), (628, 836), (629, 879), (629, 790), (635, 807), (635, 809), (636, 1223), (636, 800), (637, 738), (637, 792), (639, 791), (639, 1112), (640, 868), (640, 1216), (641, 784), (641, 786), (642, 1216), (642, 863), (644, 723), (644, 815), (646, 813), (646, 1102), (648, 818), (648, 881), (649, 824), (649, 827), (653, 761), (653, 1215), (654, 851), (654, 1251), (655, 908), (655, 825), (656, 1215), (656, 755), (658, 886), (658, 831), (660, 851), (660, 885), (662, 892), (662, 833), (666, 769), (666, 1211), (668, 805), (668, 960), (669, 805), (669, 893), (671, 885), (671, 840), (674, 846), (674, 848), (675, 818), (675, 879), (676, 1224), (676, 844), (678, 876), (678, 845), (681, 1212), (681, 774), (685, 838), (685, 839), (686, 1220), (686, 854), (688, 785), (688, 793), (689, 904), (689, 858), (690, 783), (690, 1248), (692, 900), (692, 862), (694, 883), (694, 865), (723, 1193), (723, 1175), (738, 1195), (738, 1178), (749, 1257), (749, 823), (750, 1257), (751, 762), (753, 1249), (753, 1200), (755, 1223), (755, 1215), (761, 960), (761, 1215), (762, 1257), (762, 1247), (767, 1241), (767, 1211), (768, 1233), (768, 1211), (769, 881), (769, 1211), (774, 1228), (774, 1212), (775, 889), (775, 1198), (777, 1220), (777, 1212), (779, 1246), (779, 1205), (780, 1238), (780, 1205), (781, 896), (781, 930), (783, 1248), (783, 1205), (784, 1252), (784, 1212), (785, 893), (785, 895), (786, 888), (786, 1212), (790, 879), (790, 880), (791, 1242), (791, 1203), (792, 1234), (792, 1203), (793, 893), (793, 937), (795, 878), (795, 1203), (800, 1223), (800, 938), (803, 1246), (803, 1216), (804, 1238), (804, 1216), (805, 960), (805, 938), (807, 1248), (807, 1216), (809, 884), (809, 1216), (813, 1241), (813, 1200), (815, 1233), (815, 1200), (818, 881), (818, 1200), (821, 1245), (821, 1215), (822, 1237), (822, 1215), (823, 1250), (824, 940), (824, 1215), (825, 908), (825, 912), (827, 894), (827, 1215), (831, 886), (831, 1201), (833, 892), (833, 936), (835, 1227), (835, 1211), (836, 1219), (836, 1211), (838, 1249), (838, 1211), (839, 891), (839, 1211), (840, 885), (840, 1206), (844, 1224), (844, 1205), (845, 876), (845, 877), (846, 1242), (846, 1212), (848, 1234), (848, 1212), (851, 1251), (851, 1205), (852, 878), (852, 1212), (853, 1228), (853, 1203), (854, 1220), (854, 1203), (855, 1252), (855, 1203), (858, 904), (858, 918), (859, 1245), (859, 938), (861, 1237), (861, 938), (862, 900), (862, 924), (863, 1224), (863, 1216), (864, 940), (864, 938), (865, 883), (865, 1204), (867, 1227), (867, 1200), (868, 1251), (868, 1216), (872, 1219), (872, 1200), (875, 1257), (875, 882), (876, 1250), (876, 887), (877, 1250), (877, 1202), (878, 1250), (879, 1250), (879, 890), (880, 1250), (880, 1199), (881, 1250), (882, 1257), (882, 945), (883, 1257), (883, 1247), (884, 1250), (885, 1251), (885, 1250), (886, 1257), (886, 1247), (887, 1250), (888, 1250), (889, 1257), (889, 1247), (890, 1250), (891, 1250), (892, 1257), (892, 1247), (893, 960), (893, 941), (894, 1250), (895, 960), (895, 939), (896, 1257), (896, 1247), (900, 1257), (900, 1247), (904, 1257), (904, 1247), (908, 1257), (908, 1247), (912, 1257), (912, 1247), (918, 1257), (918, 1247), (924, 1257), (924, 1247), (930, 1257), (930, 1247), (936, 1257), (936, 1247), (937, 960), (937, 941), (938, 1250), (939, 959), (939, 958), (940, 1250), (941, 959), (941, 958), (945, 1257), (945, 949), (949, 1257), (949, 953), (953, 1257), (953, 957), (957, 1257), (957, 961), (958, 1250), (958, 960), (959, 960), (959, 1250), (960, 1250), (961, 1257), (961, 1254), (1009, 1188), (1009, 1170), (1024, 1184), (1024, 1166), (1102, 1189), (1102, 1171), (1112, 1191), (1112, 1173), (1144, 1185), (1144, 1167), (1151, 1182), (1151, 1165), (1165, 1246), (1166, 1238), (1167, 1245), (1170, 1237), (1171, 1241), (1173, 1242), (1175, 1233), (1178, 1234), (1182, 1250), (1182, 1246), (1184, 1250), (1184, 1238), (1185, 1250), (1185, 1245), (1188, 1250), (1188, 1237), (1189, 1250), (1189, 1241), (1191, 1250), (1191, 1242), (1193, 1250), (1193, 1233), (1195, 1250), (1195, 1234), (1198, 1257), (1198, 1247), (1199, 1250), (1200, 1250), (1201, 1257), (1201, 1247), (1202, 1250), (1203, 1250), (1204, 1257), (1204, 1247), (1205, 1250), (1206, 1251), (1206, 1250), (1211, 1250), (1212, 1250), (1215, 1250), (1216, 1250), (1219, 1250), (1220, 1250), (1223, 1250), (1224, 1250), (1227, 1250), (1228, 1250), (1233, 1250), (1234, 1250), (1237, 1250), (1238, 1250), (1241, 1250), (1242, 1250), (1245, 1250), (1246, 1250), (1247, 1257), (1248, 1253), (1249, 1256), (1250, 1257), (1251, 1254), (1252, 1255), (1253, 1257), (1254, 1257), (1255, 1257), (1256, 1257)]
	Crossbar: 2
	Rows: 325
	Columns: 620
	Nodes: [0, 1, 2, 4, 6, 7, 8, 9, 10, 13, 16, 17, 20, 21, 22, 23, 24, 25, 28, 30, 32, 35, 36, 37, 38, 39, 40, 41, 43, 45, 46, 47, 48, 49, 50, 52, 54, 55, 56, 57, 58, 61, 63, 65, 68, 69, 70, 71, 72, 74, 76, 78, 80, 83, 84, 85, 86, 87, 88, 89, 91, 93, 94, 95, 96, 97, 98, 100, 101, 102, 103, 104, 106, 109, 111, 113, 116, 117, 118, 119, 695, 696, 697, 698, 699, 700, 701, 702, 703, 705, 706, 707, 708, 709, 710, 711, 712, 713, 714, 715, 716, 717, 718, 719, 720, 721, 722, 724, 725, 726, 727, 728, 729, 730, 731, 732, 733, 734, 735, 736, 737, 739, 740, 741, 742, 743, 744, 745, 746, 747, 748, 962, 963, 964, 965, 966, 967, 968, 969, 970, 971, 973, 974, 975, 976, 977, 978, 979, 980, 981, 982, 983, 984, 985, 987, 988, 989, 990, 991, 992, 993, 994, 995, 996, 997, 998, 999, 1000, 1001, 1002, 1003, 1004, 1005, 1006, 1007, 1008, 1010, 1011, 1012, 1013, 1014, 1015, 1016, 1017, 1018, 1019, 1020, 1021, 1022, 1023, 1025, 1026, 1027, 1028, 1029, 1030, 1031, 1032, 1033, 1034, 1035, 1036, 1037, 1038, 1039, 1040, 1041, 1042, 1044, 1045, 1046, 1047, 1048, 1049, 1050, 1051, 1052, 1053, 1054, 1055, 1056, 1057, 1058, 1059, 1060, 1062, 1063, 1064, 1065, 1066, 1067, 1068, 1069, 1070, 1071, 1072, 1073, 1074, 1075, 1077, 1078, 1079, 1080, 1081, 1082, 1083, 1084, 1085, 1086, 1087, 1088, 1089, 1090, 1091, 1092, 1093, 1094, 1095, 1096, 1097, 1098, 1099, 1100, 1101, 1103, 1104, 1105, 1106, 1107, 1108, 1109, 1110, 1111, 1113, 1114, 1115, 1116, 1117, 1118, 1119, 1120, 1121, 1122, 1123, 1125, 1126, 1127, 1128, 1129, 1130, 1131, 1132, 1133, 1134, 1136, 1137, 1138, 1139, 1140, 1141, 1142, 1143, 1145, 1146, 1147, 1148, 1149, 1150, 1152, 1153, 1154, 1155, 1156, 1157, 1158, 1159, 1160, 1161, 1162, 1163, 1181, 1183, 1207, 1208, 1250]
	Edges: [(0, 40), (0, 1120), (1, 39), (1, 1142), (2, 41), (2, 1045), (4, 43), (4, 1095), (6, 45), (6, 736), (7, 46), (7, 968), (8, 47), (8, 1011), (9, 24), (9, 1128), (10, 25), (10, 987), (13, 28), (13, 720), (16, 30), (16, 1104), (17, 32), (17, 1028), (20, 35), (20, 1066), (21, 36), (21, 700), (22, 37), (22, 1148), (23, 38), (23, 1080), (24, 57), (24, 1128), (25, 58), (25, 987), (28, 61), (28, 720), (30, 63), (30, 1104), (32, 65), (32, 1028), (35, 68), (35, 1066), (36, 69), (36, 700), (37, 70), (37, 1148), (38, 71), (38, 1080), (39, 49), (39, 1142), (40, 48), (40, 1120), (41, 50), (41, 1045), (43, 52), (43, 1095), (45, 54), (45, 736), (46, 55), (46, 968), (47, 56), (47, 1011), (48, 87), (48, 1120), (49, 88), (49, 1142), (50, 89), (50, 1045), (52, 91), (52, 1095), (54, 93), (54, 736), (55, 94), (55, 968), (56, 95), (56, 1011), (57, 72), (57, 1128), (58, 74), (58, 987), (61, 76), (61, 720), (63, 78), (63, 1104), (65, 80), (65, 1028), (68, 83), (68, 1066), (69, 84), (69, 700), (70, 85), (70, 1148), (71, 86), (71, 1080), (72, 96), (72, 1128), (74, 113), (74, 987), (76, 116), (76, 720), (78, 100), (78, 1104), (80, 119), (80, 1028), (83, 98), (83, 1066), (84, 101), (84, 700), (85, 103), (85, 1148), (86, 102), (86, 1080), (87, 106), (87, 1120), (88, 109), (88, 1142), (89, 97), (89, 1045), (91, 111), (91, 1095), (93, 118), (93, 736), (94, 104), (94, 968), (95, 117), (95, 1011), (96, 1128), (96, 697), (97, 1045), (97, 712), (98, 1066), (98, 699), (100, 1104), (100, 702), (101, 700), (101, 695), (102, 1080), (102, 705), (103, 1148), (103, 703), (104, 968), (104, 710), (106, 1120), (106, 707), (109, 1142), (109, 708), (111, 1095), (111, 711), (113, 987), (113, 706), (116, 720), (116, 696), (117, 1011), (117, 698), (118, 736), (118, 709), (119, 1028), (119, 701), (695, 730), (695, 1162), (696, 717), (696, 720), (697, 724), (697, 1114), (698, 725), (698, 1001), (699, 726), (699, 1059), (700, 1181), (701, 727), (701, 984), (702, 729), (702, 1064), (703, 713), (703, 1119), (705, 714), (705, 1068), (706, 715), (706, 982), (707, 716), (707, 1116), (708, 718), (708, 1123), (709, 719), (709, 736), (710, 728), (710, 968), (711, 721), (711, 1072), (712, 722), (712, 994), (713, 741), (713, 1119), (714, 742), (714, 1068), (715, 743), (715, 982), (716, 744), (716, 1116), (717, 732), (717, 973), (718, 745), (718, 1123), (719, 733), (719, 736), (720, 1181), (721, 747), (721, 1072), (722, 748), (722, 994), (724, 731), (724, 1114), (725, 734), (725, 1001), (726, 735), (726, 1059), (727, 737), (727, 984), (728, 746), (728, 977), (729, 739), (729, 1064), (730, 740), (730, 1163), (731, 975), (731, 1114), (732, 963), (732, 962), (733, 963), (733, 973), (734, 976), (734, 1001), (735, 979), (735, 1059), (736, 1181), (737, 969), (737, 984), (739, 980), (739, 1064), (740, 981), (740, 1163), (741, 964), (741, 1119), (742, 965), (742, 1068), (743, 974), (743, 982), (744, 966), (744, 1116), (745, 967), (745, 1123), (746, 978), (746, 977), (747, 971), (747, 1072), (748, 970), (748, 994), (962, 1160), (962, 1181), (963, 998), (963, 1181), (964, 991), (964, 1119), (965, 992), (965, 1068), (966, 995), (966, 1116), (967, 997), (967, 1123), (968, 1181), (969, 996), (969, 984), (970, 993), (970, 994), (971, 999), (971, 1072), (973, 1161), (974, 990), (974, 982), (975, 983), (975, 1114), (976, 1000), (976, 1001), (977, 1160), (977, 1161), (978, 998), (978, 1161), (979, 985), (979, 1059), (980, 988), (980, 1064), (981, 989), (981, 1163), (982, 1156), (982, 1157), (983, 1015), (983, 1114), (984, 1016), (984, 1028), (985, 1017), (985, 1059), (987, 1181), (988, 1018), (988, 1064), (989, 1019), (989, 1163), (990, 1014), (990, 1155), (991, 1002), (991, 1119), (992, 1003), (992, 1068), (993, 1007), (993, 1045), (994, 1054), (994, 1045), (995, 1005), (995, 1116), (996, 1006), (996, 1028), (997, 1010), (997, 1123), (998, 1012), (998, 1160), (999, 1013), (999, 1072), (1000, 1004), (1000, 1011), (1001, 1008), (1001, 1011), (1002, 1031), (1002, 1119), (1003, 1032), (1003, 1068), (1004, 1020), (1004, 1048), (1005, 1033), (1005, 1116), (1006, 1021), (1006, 1028), (1007, 1025), (1007, 1051), (1008, 1053), (1008, 1046), (1010, 1034), (1010, 1123), (1011, 1181), (1012, 1035), (1012, 1160), (1013, 1036), (1013, 1072), (1014, 1022), (1014, 1154), (1015, 1023), (1015, 1114), (1016, 1026), (1016, 1028), (1017, 1027), (1017, 1059), (1018, 1029), (1018, 1064), (1019, 1030), (1019, 1163), (1020, 1038), (1020, 1037), (1021, 1038), (1021, 1048), (1022, 1049), (1022, 1154), (1023, 1050), (1023, 1114), (1025, 1052), (1025, 1051), (1026, 1053), (1026, 1046), (1027, 1044), (1027, 1059), (1028, 1181), (1029, 1055), (1029, 1064), (1030, 1057), (1030, 1163), (1031, 1039), (1031, 1119), (1032, 1040), (1032, 1068), (1033, 1041), (1033, 1116), (1034, 1042), (1034, 1123), (1035, 1047), (1035, 1160), (1036, 1056), (1036, 1072), (1037, 1160), (1037, 1181), (1038, 1074), (1038, 1181), (1039, 1070), (1039, 1119), (1040, 1067), (1040, 1068), (1041, 1071), (1041, 1116), (1042, 1073), (1042, 1123), (1044, 1058), (1044, 1059), (1045, 1181), (1046, 1159), (1047, 1074), (1047, 1160), (1048, 1161), (1049, 1060), (1049, 1154), (1050, 1062), (1050, 1114), (1051, 1160), (1051, 1161), (1052, 1074), (1052, 1161), (1053, 1158), (1053, 1181), (1054, 1158), (1054, 1159), (1055, 1063), (1055, 1064), (1056, 1065), (1056, 1072), (1057, 1069), (1057, 1163), (1058, 1089), (1058, 1162), (1059, 1156), (1059, 1157), (1060, 1082), (1060, 1154), (1062, 1083), (1062, 1114), (1063, 1084), (1063, 1104), (1064, 1085), (1064, 1104), (1065, 1086), (1065, 1095), (1066, 1181), (1067, 1087), (1067, 1080), (1068, 1088), (1068, 1080), (1069, 1089), (1069, 1163), (1070, 1075), (1070, 1119), (1071, 1077), (1071, 1116), (1072, 1078), (1072, 1095), (1073, 1079), (1073, 1123), (1074, 1081), (1074, 1160), (1075, 1097), (1075, 1119), (1077, 1098), (1077, 1116), (1078, 1100), (1078, 1095), (1079, 1099), (1079, 1123), (1080, 1181), (1081, 1101), (1081, 1160), (1082, 1090), (1082, 1154), (1083, 1091), (1083, 1114), (1084, 1092), (1084, 1104), (1085, 1093), (1085, 1104), (1086, 1094), (1086, 1095), (1087, 1101), (1087, 1161), (1088, 1158), (1088, 1159), (1089, 1096), (1089, 1163), (1090, 1106), (1090, 1154), (1091, 1107), (1091, 1114), (1092, 1110), (1092, 1104), (1093, 1111), (1093, 1104), (1094, 1105), (1094, 1161), (1095, 1181), (1096, 1113), (1096, 1163), (1097, 1103), (1097, 1119), (1098, 1108), (1098, 1116), (1099, 1109), (1099, 1123), (1100, 1158), (1100, 1159), (1101, 1105), (1101, 1160), (1103, 1118), (1103, 1119), (1104, 1181), (1105, 1125), (1105, 1160), (1106, 1117), (1106, 1154), (1107, 1126), (1107, 1114), (1108, 1122), (1108, 1116), (1109, 1115), (1109, 1123), (1110, 1125), (1110, 1161), (1111, 1158), (1111, 1159), (1113, 1121), (1113, 1163), (1114, 1136), (1114, 1128), (1115, 1130), (1115, 1142), (1116, 1156), (1116, 1157), (1117, 1131), (1117, 1154), (1118, 1132), (1118, 1148), (1119, 1133), (1119, 1148), (1120, 1181), (1121, 1137), (1121, 1163), (1122, 1131), (1122, 1155), (1123, 1127), (1123, 1142), (1125, 1129), (1125, 1160), (1126, 1134), (1126, 1128), (1127, 1145), (1127, 1142), (1128, 1181), (1129, 1146), (1129, 1160), (1130, 1141), (1130, 1142), (1131, 1138), (1131, 1154), (1132, 1139), (1132, 1148), (1133, 1140), (1133, 1148), (1134, 1146), (1134, 1161), (1136, 1158), (1136, 1159), (1137, 1143), (1137, 1163), (1138, 1150), (1138, 1154), (1139, 1147), (1139, 1148), (1140, 1153), (1140, 1148), (1141, 1152), (1141, 1161), (1142, 1181), (1143, 1149), (1143, 1163), (1145, 1158), (1145, 1159), (1146, 1152), (1146, 1160), (1147, 1181), (1147, 1161), (1148, 1181), (1149, 1181), (1149, 1163), (1150, 1181), (1150, 1154), (1152, 1181), (1152, 1160), (1153, 1158), (1153, 1159), (1154, 1160), (1154, 1163), (1155, 1161), (1155, 1162), (1156, 1181), (1156, 1163), (1157, 1162), (1158, 1181), (1158, 1160), (1159, 1161), (1160, 1181), (1161, 1181), (1162, 1250), (1163, 1183), (1163, 1181), (1181, 1250), (1183, 1250), (1207, 1250), (1208, 1250)]
