Benchmark: apex5
Inputs: 117
Outputs: 88
BDD type: SBDD
BDD construct time (s): 0.4415566921234131
	Output variables: f0, f1, f2, f3, f4, f5, f6, f7, f8, f9, f10, f11, f12, f13, f14, f15, f16, f17, f18, f19, f20, f21, f22, f23, f24, f25, f26, f27, f28, f29, f30, f31, f32, f33, f34, f35, f36, f37, f38, f39, f40, f41, f42, f43, f44, f45, f46, f47, f48, f49, f50, f51, f52, f53, f54, f55, f56, f57, f58, f59, f60, f61, f62, f63, f64, f65, f66, f67, f68, f69, f70, f71, f72, f73, f74, f75, f76, f77, f78, f79, f80, f81, f82, f83, f84, f85, f86, f87
	Nodes: 1259
	Edges: 2514
	BDD show time (s): 0.08725571632385254
Partition alpha: 0.5
Partition D: 512
Partition K: 6
Partition ILP time (s): 3601.4618051052094
Partition status: Optimal
Partition objective S: 762.5
N: 6
I: 1519
Roots: [0, 1, 2, 3, 4, 5, 6, 7, 8, 9, 10, 11, 12, 13, 14, 15, 16, 17, 18, 19, 20, 21, 22, 23, 123, 124, 125, 126, 127, 128, 129, 130, 131, 132, 135, 138, 139, 140, 141, 143, 144, 145, 147, 148, 149, 153, 154, 155, 156, 158, 159, 160, 161, 162, 164, 165, 166, 167, 168, 170, 171, 172, 174, 175, 178, 179, 180, 181, 183, 184, 185, 186, 187, 188, 189, 190, 191, 192, 193, 875, 1207, 1208, 1253, 1255, 1256, 1258]
Terminal: [1257]
Gap (%): 17.18
	Crossbar: 0
	Rows: 314
	Columns: 512
	Nodes: [12, 14, 27, 29, 51, 60, 62, 66, 67, 75, 77, 81, 82, 90, 108, 110, 114, 115, 123, 125, 126, 127, 128, 129, 130, 131, 137, 141, 142, 144, 145, 146, 149, 150, 151, 152, 157, 169, 173, 182, 211, 214, 228, 237, 238, 239, 240, 241, 248, 251, 254, 256, 261, 262, 263, 499, 506, 507, 508, 509, 510, 511, 515, 520, 521, 522, 523, 524, 525, 528, 529, 530, 531, 538, 539, 540, 542, 543, 547, 548, 550, 551, 552, 553, 554, 555, 556, 558, 559, 561, 562, 566, 569, 571, 575, 576, 579, 581, 583, 585, 587, 589, 590, 593, 594, 595, 596, 597, 598, 599, 600, 603, 604, 609, 614, 615, 617, 618, 619, 620, 623, 624, 625, 626, 629, 632, 636, 638, 643, 645, 647, 649, 651, 652, 653, 655, 656, 659, 661, 663, 665, 667, 668, 669, 670, 675, 677, 679, 680, 684, 687, 688, 689, 691, 693, 704, 752, 753, 754, 755, 756, 757, 758, 759, 760, 761, 763, 764, 765, 766, 773, 778, 782, 785, 787, 789, 790, 793, 794, 797, 800, 802, 805, 806, 808, 810, 811, 812, 814, 816, 817, 819, 820, 821, 822, 824, 826, 827, 828, 829, 830, 832, 834, 837, 847, 849, 850, 858, 859, 861, 864, 866, 869, 870, 871, 873, 874, 879, 880, 888, 890, 893, 894, 895, 897, 898, 899, 904, 905, 906, 907, 908, 909, 910, 911, 913, 914, 915, 916, 917, 919, 920, 921, 922, 923, 931, 932, 933, 934, 935, 937, 938, 939, 940, 941, 942, 943, 944, 946, 947, 948, 954, 955, 956, 958, 959, 960, 972, 1009, 1043, 1061, 1076, 1135, 1144, 1164, 1167, 1168, 1169, 1170, 1172, 1174, 1177, 1180, 1185, 1186, 1187, 1188, 1190, 1192, 1196, 1199, 1207, 1208, 1209, 1210, 1214, 1215, 1217, 1218, 1222, 1223, 1225, 1226, 1230, 1231, 1232, 1236, 1237, 1239, 1240, 1244, 1245, 1249, 1250]
	Edges: [(12, 27), (12, 182), (14, 29), (51, 90), (51, 169), (60, 75), (60, 182), (62, 77), (62, 173), (66, 81), (66, 151), (67, 82), (67, 157), (75, 108), (75, 182), (77, 110), (77, 173), (81, 114), (81, 151), (82, 115), (82, 157), (108, 182), (108, 137), (110, 173), (110, 142), (114, 151), (114, 150), (115, 157), (115, 152), (123, 211), (123, 1222), (125, 254), (125, 1209), (126, 261), (126, 916), (127, 248), (127, 972), (128, 214), (128, 922), (129, 262), (129, 1210), (130, 256), (130, 940), (131, 251), (131, 704), (137, 237), (137, 897), (141, 228), (141, 1217), (142, 239), (142, 893), (144, 240), (144, 934), (145, 263), (145, 1144), (146, 238), (146, 879), (149, 241), (149, 1223), (499, 655), (499, 908), (506, 1222), (506, 598), (507, 1210), (507, 597), (508, 1076), (508, 652), (509, 649), (509, 653), (510, 1061), (510, 661), (511, 1230), (511, 604), (515, 1209), (515, 609), (520, 665), (520, 643), (521, 956), (521, 679), (522, 960), (522, 668), (523, 1210), (523, 617), (524, 1009), (524, 618), (525, 1217), (525, 619), (528, 944), (528, 623), (529, 1043), (529, 624), (530, 948), (530, 632), (531, 689), (538, 687), (538, 667), (539, 1209), (539, 691), (540, 629), (540, 675), (542, 688), (542, 669), (543, 1223), (543, 636), (547, 593), (547, 916), (548, 1210), (548, 594), (550, 693), (550, 677), (551, 1214), (551, 645), (552, 595), (552, 922), (553, 1225), (553, 647), (554, 587), (554, 680), (555, 599), (555, 940), (556, 972), (556, 651), (558, 1249), (559, 1215), (559, 656), (561, 704), (561, 659), (562, 1218), (562, 663), (566, 1214), (566, 670), (569, 615), (569, 934), (571, 603), (571, 589), (575, 1144), (575, 620), (576, 1215), (576, 625), (579, 614), (579, 596), (581, 1226), (581, 684), (583, 1135), (583, 626), (585, 1214), (585, 638), (587, 797), (587, 810), (589, 816), (589, 1209), (590, 1209), (590, 806), (593, 850), (593, 916), (594, 756), (594, 758), (595, 766), (595, 922), (596, 830), (596, 1210), (597, 1210), (597, 819), (598, 1222), (598, 757), (599, 864), (599, 940), (600, 753), (600, 1249), (603, 873), (603, 874), (604, 1230), (604, 754), (609, 1209), (609, 808), (614, 759), (614, 760), (615, 829), (615, 934), (617, 1210), (617, 820), (618, 1009), (618, 861), (619, 1217), (619, 778), (620, 859), (620, 1144), (623, 787), (623, 944), (624, 1043), (624, 828), (625, 821), (625, 822), (626, 826), (626, 1135), (629, 879), (629, 790), (632, 837), (632, 948), (636, 1223), (636, 800), (638, 811), (638, 812), (643, 752), (643, 1214), (645, 1214), (645, 866), (647, 1225), (647, 773), (649, 824), (649, 827), (651, 972), (651, 765), (652, 764), (652, 1076), (653, 761), (653, 1215), (656, 1215), (656, 755), (659, 704), (659, 849), (661, 847), (661, 1061), (663, 1218), (663, 834), (665, 814), (665, 817), (667, 763), (667, 897), (668, 805), (668, 960), (669, 805), (669, 893), (670, 1214), (670, 869), (675, 879), (677, 787), (677, 910), (679, 763), (679, 956), (680, 837), (680, 906), (684, 1226), (684, 832), (687, 782), (687, 789), (688, 785), (688, 793), (689, 904), (689, 858), (691, 870), (691, 871), (693, 794), (693, 802), (704, 1190), (704, 1172), (752, 956), (752, 1214), (754, 1230), (754, 932), (755, 1223), (755, 1215), (756, 1240), (756, 1210), (757, 1222), (757, 932), (758, 1232), (758, 1210), (759, 922), (759, 1210), (760, 905), (760, 1210), (761, 960), (761, 1215), (763, 956), (763, 932), (764, 1240), (764, 919), (765, 1232), (765, 919), (766, 922), (766, 919), (773, 1225), (773, 913), (778, 1217), (778, 913), (782, 897), (782, 899), (785, 893), (785, 895), (787, 944), (787, 913), (789, 897), (789, 931), (790, 879), (790, 880), (793, 893), (793, 937), (794, 910), (794, 911), (797, 906), (797, 907), (800, 1223), (800, 938), (802, 910), (802, 914), (805, 960), (805, 938), (806, 1225), (806, 1209), (808, 1217), (808, 1209), (810, 906), (810, 920), (811, 1244), (811, 1214), (812, 1236), (812, 1214), (814, 934), (814, 1214), (816, 944), (816, 1209), (817, 898), (817, 1214), (819, 1226), (819, 1210), (820, 1218), (820, 1210), (821, 1245), (821, 1215), (822, 1237), (822, 1215), (824, 940), (824, 1215), (826, 1244), (826, 932), (827, 894), (827, 1215), (828, 1236), (828, 932), (829, 934), (829, 932), (830, 948), (830, 1210), (832, 1226), (832, 919), (834, 1218), (834, 919), (837, 948), (837, 919), (847, 1239), (847, 913), (849, 1231), (849, 913), (850, 916), (850, 913), (859, 1245), (859, 938), (861, 1237), (861, 938), (864, 940), (864, 938), (866, 1230), (866, 1214), (869, 1222), (869, 1214), (870, 1239), (870, 1209), (871, 1231), (871, 1209), (873, 916), (873, 1209), (874, 909), (874, 1209), (879, 1250), (879, 890), (880, 1250), (880, 1199), (888, 1250), (890, 1250), (893, 960), (893, 941), (894, 1250), (895, 960), (895, 939), (897, 956), (897, 935), (898, 1250), (899, 956), (899, 933), (905, 1250), (906, 948), (906, 923), (907, 948), (907, 921), (909, 1250), (910, 944), (910, 917), (911, 944), (911, 915), (913, 1250), (914, 944), (914, 917), (915, 943), (915, 942), (916, 1250), (917, 943), (917, 942), (919, 1250), (920, 948), (920, 923), (921, 947), (921, 946), (922, 1250), (923, 947), (923, 946), (931, 956), (931, 935), (932, 1250), (933, 955), (933, 954), (934, 1250), (935, 955), (935, 954), (937, 960), (937, 941), (938, 1250), (939, 959), (939, 958), (940, 1250), (941, 959), (941, 958), (942, 1250), (942, 944), (943, 944), (943, 1250), (944, 1250), (946, 1250), (946, 948), (947, 948), (947, 1250), (948, 1250), (954, 1250), (954, 956), (955, 956), (955, 1250), (956, 1250), (958, 1250), (958, 960), (959, 960), (959, 1250), (960, 1250), (972, 1192), (972, 1174), (1009, 1188), (1009, 1170), (1043, 1164), (1043, 1180), (1061, 1186), (1061, 1168), (1076, 1187), (1076, 1169), (1135, 1196), (1135, 1177), (1144, 1185), (1144, 1167), (1164, 1250), (1164, 1236), (1167, 1245), (1168, 1239), (1169, 1240), (1170, 1237), (1172, 1231), (1174, 1232), (1177, 1244), (1180, 1236), (1185, 1250), (1185, 1245), (1186, 1250), (1186, 1239), (1187, 1250), (1187, 1240), (1188, 1250), (1188, 1237), (1190, 1250), (1190, 1231), (1192, 1250), (1192, 1232), (1196, 1250), (1196, 1244), (1199, 1250), (1207, 1250), (1208, 1250), (1209, 1250), (1210, 1250), (1214, 1250), (1215, 1250), (1217, 1250), (1218, 1250), (1222, 1250), (1223, 1250), (1225, 1250), (1226, 1250), (1230, 1250), (1231, 1250), (1232, 1250), (1236, 1250), (1237, 1250), (1239, 1250), (1240, 1250), (1244, 1250), (1245, 1250)]
	Crossbar: 1
	Rows: 264
	Columns: 345
	Nodes: [14, 15, 18, 19, 27, 29, 31, 33, 34, 60, 62, 66, 67, 133, 150, 151, 152, 153, 157, 161, 166, 168, 170, 173, 175, 178, 179, 180, 182, 183, 192, 193, 195, 198, 207, 210, 211, 213, 214, 215, 218, 219, 221, 224, 225, 227, 228, 232, 233, 234, 237, 239, 240, 241, 243, 245, 246, 248, 251, 253, 254, 256, 261, 262, 263, 267, 276, 278, 279, 281, 282, 283, 285, 287, 289, 290, 292, 293, 297, 298, 299, 302, 304, 305, 306, 308, 310, 312, 313, 314, 315, 317, 319, 321, 324, 330, 331, 332, 333, 341, 347, 349, 350, 351, 352, 353, 357, 359, 360, 363, 367, 368, 369, 370, 372, 374, 376, 377, 381, 384, 385, 386, 387, 388, 390, 391, 393, 395, 396, 397, 398, 402, 404, 408, 410, 414, 417, 418, 420, 423, 424, 426, 427, 431, 432, 433, 435, 436, 437, 439, 440, 444, 445, 447, 450, 453, 454, 456, 460, 461, 463, 464, 465, 466, 468, 471, 474, 476, 477, 479, 481, 482, 485, 490, 497, 498, 506, 507, 508, 509, 510, 511, 515, 520, 521, 522, 523, 524, 525, 528, 529, 530, 538, 539, 542, 543, 545, 547, 548, 550, 551, 552, 553, 554, 555, 556, 559, 561, 562, 566, 569, 571, 575, 576, 579, 581, 583, 585, 590, 685, 703, 704, 713, 741, 839, 893, 897, 906, 908, 910, 916, 922, 934, 940, 944, 948, 956, 960, 964, 972, 1002, 1009, 1031, 1039, 1043, 1061, 1070, 1076, 1119, 1135, 1144, 1209, 1210, 1214, 1215, 1217, 1218, 1219, 1222, 1223, 1225, 1226, 1230, 1248]
	Edges: [(14, 173), (15, 31), (15, 133), (18, 33), (18, 151), (19, 34), (19, 157), (27, 60), (27, 182), (29, 62), (29, 173), (33, 66), (33, 151), (34, 67), (34, 157), (150, 243), (150, 910), (151, 232), (151, 944), (152, 245), (152, 906), (153, 198), (153, 1135), (157, 234), (157, 948), (161, 221), (161, 1214), (166, 213), (166, 1076), (168, 215), (168, 1215), (170, 218), (170, 1061), (173, 225), (173, 960), (175, 246), (175, 1225), (178, 195), (178, 1226), (179, 227), (179, 1009), (180, 253), (180, 1218), (182, 224), (182, 956), (183, 233), (183, 1043), (192, 219), (192, 1230), (193, 210), (195, 1226), (195, 315), (198, 1135), (198, 267), (207, 276), (210, 1248), (210, 278), (211, 1222), (211, 279), (213, 1076), (213, 281), (214, 922), (214, 282), (215, 1215), (215, 283), (218, 1061), (218, 285), (219, 1230), (219, 333), (221, 1214), (221, 287), (224, 956), (224, 289), (225, 960), (225, 290), (227, 1009), (227, 292), (228, 1217), (228, 293), (232, 944), (232, 297), (233, 1043), (233, 298), (234, 948), (234, 299), (237, 897), (237, 302), (239, 893), (239, 304), (240, 934), (240, 305), (241, 1223), (241, 306), (243, 910), (243, 308), (245, 906), (245, 310), (246, 1225), (246, 313), (248, 972), (248, 312), (251, 704), (251, 317), (253, 1218), (253, 319), (254, 1209), (254, 321), (256, 940), (256, 324), (261, 916), (261, 330), (262, 1210), (262, 331), (263, 1144), (263, 332), (267, 1135), (267, 410), (276, 1219), (276, 395), (279, 1222), (279, 372), (281, 1076), (281, 349), (282, 922), (282, 350), (283, 1215), (283, 390), (285, 1061), (285, 351), (287, 384), (287, 397), (289, 956), (289, 359), (290, 960), (290, 360), (292, 1009), (292, 363), (293, 1217), (293, 393), (297, 944), (297, 368), (298, 1043), (298, 369), (299, 948), (299, 370), (302, 897), (302, 374), (304, 893), (304, 376), (305, 934), (305, 377), (306, 1223), (306, 396), (308, 910), (308, 381), (310, 906), (310, 385), (312, 972), (312, 387), (313, 386), (313, 1225), (314, 388), (315, 408), (315, 1226), (317, 704), (317, 391), (319, 1218), (319, 353), (321, 341), (321, 357), (324, 940), (324, 398), (330, 916), (330, 402), (331, 347), (331, 367), (332, 1144), (332, 404), (333, 352), (333, 1230), (341, 1209), (341, 417), (347, 1210), (347, 424), (349, 1076), (349, 463), (350, 922), (350, 426), (351, 1061), (351, 466), (352, 1230), (352, 427), (353, 474), (353, 1218), (357, 431), (357, 433), (359, 956), (359, 435), (360, 960), (360, 436), (363, 1009), (363, 476), (367, 437), (367, 445), (368, 944), (368, 444), (369, 1043), (369, 481), (370, 948), (370, 447), (372, 423), (372, 1222), (374, 897), (374, 450), (376, 893), (376, 453), (377, 934), (377, 454), (381, 910), (381, 460), (384, 1214), (384, 461), (385, 906), (385, 464), (386, 1225), (386, 465), (387, 972), (387, 414), (388, 908), (390, 468), (390, 471), (391, 704), (391, 420), (393, 440), (393, 1217), (395, 418), (396, 456), (396, 1223), (397, 477), (397, 482), (398, 940), (398, 479), (402, 916), (402, 485), (404, 1144), (404, 432), (408, 1226), (408, 490), (410, 1135), (410, 439), (414, 556), (414, 972), (417, 1209), (417, 497), (418, 1219), (418, 498), (420, 561), (420, 704), (423, 1222), (423, 506), (424, 1210), (424, 507), (426, 922), (426, 552), (427, 1230), (427, 511), (431, 1209), (431, 515), (432, 575), (432, 1144), (433, 539), (433, 571), (435, 956), (435, 521), (436, 960), (436, 522), (437, 1210), (437, 523), (439, 583), (439, 1135), (440, 1217), (440, 525), (444, 944), (444, 528), (445, 548), (445, 579), (447, 948), (447, 530), (450, 897), (450, 538), (453, 893), (453, 542), (454, 934), (454, 569), (456, 1223), (456, 543), (460, 910), (460, 550), (461, 1214), (461, 551), (463, 508), (463, 1076), (464, 906), (464, 554), (465, 1225), (465, 553), (466, 510), (466, 1061), (468, 1215), (468, 559), (471, 576), (471, 509), (474, 1218), (474, 562), (476, 524), (476, 1009), (477, 1214), (477, 566), (479, 940), (479, 555), (481, 529), (481, 1043), (482, 585), (482, 520), (485, 916), (485, 547), (490, 1226), (490, 581), (497, 1209), (497, 590), (545, 685), (685, 839), (703, 713), (703, 1119), (713, 741), (713, 1119), (741, 964), (741, 1119), (964, 1119), (1002, 1031), (1002, 1119), (1031, 1039), (1031, 1119), (1039, 1070), (1039, 1119)]
	Crossbar: 2
	Rows: 299
	Columns: 512
	Nodes: [0, 1, 2, 4, 6, 7, 8, 9, 10, 16, 17, 20, 21, 22, 23, 24, 25, 30, 32, 36, 37, 38, 39, 40, 41, 43, 45, 46, 47, 49, 50, 52, 54, 55, 56, 57, 58, 63, 65, 68, 69, 70, 71, 72, 74, 78, 80, 83, 84, 85, 86, 87, 88, 89, 91, 93, 94, 95, 96, 97, 100, 101, 102, 103, 104, 106, 109, 111, 113, 117, 118, 119, 132, 202, 249, 314, 545, 557, 601, 666, 685, 695, 697, 698, 700, 701, 702, 703, 705, 706, 707, 708, 709, 710, 711, 712, 714, 715, 716, 717, 718, 719, 720, 721, 722, 724, 725, 727, 728, 729, 730, 731, 732, 733, 734, 736, 737, 739, 742, 743, 744, 745, 746, 747, 748, 838, 839, 891, 908, 962, 963, 965, 966, 967, 968, 969, 970, 971, 973, 974, 975, 976, 977, 978, 980, 982, 983, 984, 987, 988, 990, 992, 993, 994, 995, 996, 997, 998, 999, 1000, 1001, 1003, 1004, 1005, 1006, 1007, 1008, 1010, 1011, 1012, 1013, 1014, 1015, 1016, 1018, 1020, 1021, 1022, 1023, 1025, 1026, 1028, 1029, 1032, 1033, 1034, 1035, 1036, 1037, 1038, 1040, 1041, 1042, 1045, 1046, 1047, 1048, 1049, 1050, 1051, 1052, 1053, 1054, 1055, 1056, 1060, 1062, 1063, 1064, 1065, 1066, 1067, 1068, 1071, 1072, 1073, 1074, 1077, 1078, 1079, 1080, 1081, 1082, 1083, 1084, 1085, 1086, 1087, 1088, 1090, 1091, 1092, 1093, 1094, 1095, 1096, 1098, 1099, 1100, 1101, 1103, 1104, 1105, 1106, 1107, 1108, 1109, 1110, 1111, 1113, 1114, 1115, 1116, 1117, 1118, 1119, 1120, 1121, 1122, 1123, 1125, 1126, 1127, 1128, 1129, 1130, 1131, 1132, 1133, 1134, 1136, 1137, 1138, 1139, 1140, 1141, 1142, 1143, 1145, 1146, 1147, 1148, 1149, 1150, 1152, 1153, 1154, 1155, 1156, 1157, 1158, 1159, 1160, 1161, 1162, 1163, 1181, 1211, 1249]
	Edges: [(0, 40), (0, 1120), (1, 39), (1, 1142), (2, 41), (4, 43), (4, 1095), (6, 45), (6, 736), (7, 46), (7, 968), (8, 47), (8, 1011), (9, 24), (9, 1128), (10, 25), (10, 987), (16, 30), (16, 1104), (17, 32), (17, 1028), (20, 1066), (21, 36), (21, 700), (22, 37), (22, 1148), (23, 38), (23, 1080), (24, 57), (24, 1128), (25, 58), (25, 987), (30, 63), (30, 1104), (49, 88), (49, 1142), (50, 89), (50, 1045), (52, 91), (52, 1095), (54, 93), (54, 736), (55, 94), (55, 968), (56, 95), (56, 1011), (57, 72), (57, 1128), (58, 74), (58, 987), (63, 78), (63, 1104), (65, 80), (65, 1028), (68, 83), (68, 1066), (69, 84), (69, 700), (70, 85), (70, 1148), (71, 86), (71, 1080), (72, 96), (72, 1128), (74, 113), (74, 987), (78, 100), (78, 1104), (80, 119), (80, 1028), (83, 1066), (84, 101), (84, 700), (85, 103), (85, 1148), (86, 102), (86, 1080), (87, 106), (87, 1120), (88, 1142), (89, 97), (89, 1045), (91, 111), (91, 1095), (93, 118), (93, 736), (94, 104), (94, 968), (95, 117), (95, 1011), (96, 1128), (96, 697), (97, 1045), (97, 712), (100, 1104), (100, 702), (101, 700), (101, 695), (102, 1080), (102, 705), (103, 1148), (103, 703), (104, 968), (104, 710), (106, 1120), (106, 707), (109, 1142), (111, 1095), (111, 711), (113, 987), (113, 706), (117, 1011), (117, 698), (118, 736), (118, 709), (119, 1028), (119, 701), (132, 202), (132, 1249), (249, 314), (314, 908), (545, 666), (557, 1211), (557, 601), (685, 838), (695, 730), (697, 724), (697, 1114), (698, 725), (698, 1001), (700, 1181), (701, 727), (701, 984), (702, 729), (702, 1064), (705, 714), (705, 1068), (706, 715), (706, 982), (707, 716), (707, 1116), (708, 718), (708, 1123), (709, 719), (709, 736), (710, 728), (710, 968), (711, 721), (711, 1072), (712, 722), (712, 994), (714, 742), (714, 1068), (715, 743), (715, 982), (716, 744), (716, 1116), (717, 973), (718, 745), (718, 1123), (719, 733), (719, 736), (720, 1181), (721, 747), (721, 1072), (722, 748), (722, 994), (724, 731), (724, 1114), (725, 734), (725, 1001), (727, 737), (727, 984), (728, 746), (728, 977), (729, 739), (729, 1064), (730, 1163), (731, 975), (731, 1114), (732, 963), (732, 962), (733, 963), (733, 973), (734, 976), (734, 1001), (736, 1181), (737, 969), (737, 984), (739, 980), (739, 1064), (742, 1068), (743, 974), (743, 982), (744, 966), (744, 1116), (745, 967), (745, 1123), (746, 978), (746, 977), (747, 971), (747, 1072), (748, 970), (748, 994), (839, 891), (839, 1211), (962, 1160), (962, 1181), (963, 998), (963, 1181), (965, 992), (965, 1068), (966, 995), (966, 1116), (967, 997), (967, 1123), (968, 1181), (969, 996), (969, 984), (970, 993), (970, 994), (971, 999), (971, 1072), (973, 1161), (974, 990), (974, 982), (975, 983), (975, 1114), (976, 1000), (976, 1001), (977, 1160), (977, 1161), (978, 998), (978, 1161), (980, 988), (980, 1064), (982, 1156), (982, 1157), (983, 1015), (983, 1114), (984, 1016), (984, 1028), (987, 1181), (988, 1018), (988, 1064), (990, 1014), (990, 1155), (992, 1003), (992, 1068), (993, 1007), (993, 1045), (994, 1054), (994, 1045), (995, 1005), (995, 1116), (996, 1006), (996, 1028), (997, 1010), (997, 1123), (998, 1012), (998, 1160), (999, 1013), (999, 1072), (1000, 1004), (1000, 1011), (1001, 1008), (1001, 1011), (1003, 1032), (1003, 1068), (1004, 1020), (1004, 1048), (1005, 1033), (1005, 1116), (1006, 1021), (1006, 1028), (1007, 1025), (1007, 1051), (1008, 1053), (1008, 1046), (1010, 1034), (1010, 1123), (1011, 1181), (1012, 1035), (1012, 1160), (1013, 1036), (1013, 1072), (1014, 1022), (1014, 1154), (1015, 1023), (1015, 1114), (1016, 1026), (1016, 1028), (1018, 1029), (1018, 1064), (1020, 1038), (1020, 1037), (1021, 1038), (1021, 1048), (1022, 1049), (1022, 1154), (1023, 1050), (1023, 1114), (1025, 1052), (1025, 1051), (1026, 1053), (1026, 1046), (1028, 1181), (1029, 1055), (1029, 1064), (1032, 1040), (1032, 1068), (1033, 1041), (1033, 1116), (1034, 1042), (1034, 1123), (1035, 1047), (1035, 1160), (1036, 1056), (1036, 1072), (1037, 1160), (1037, 1181), (1038, 1074), (1038, 1181), (1040, 1067), (1040, 1068), (1041, 1071), (1041, 1116), (1042, 1073), (1042, 1123), (1045, 1181), (1046, 1159), (1047, 1074), (1047, 1160), (1048, 1161), (1049, 1060), (1049, 1154), (1050, 1062), (1050, 1114), (1051, 1160), (1051, 1161), (1052, 1074), (1052, 1161), (1053, 1158), (1053, 1181), (1054, 1158), (1054, 1159), (1055, 1063), (1055, 1064), (1056, 1065), (1056, 1072), (1060, 1082), (1060, 1154), (1062, 1083), (1062, 1114), (1063, 1084), (1063, 1104), (1064, 1085), (1064, 1104), (1065, 1086), (1065, 1095), (1066, 1181), (1067, 1087), (1067, 1080), (1068, 1088), (1068, 1080), (1071, 1077), (1071, 1116), (1072, 1078), (1072, 1095), (1073, 1079), (1073, 1123), (1074, 1081), (1074, 1160), (1077, 1098), (1077, 1116), (1078, 1100), (1078, 1095), (1079, 1099), (1079, 1123), (1080, 1181), (1081, 1101), (1081, 1160), (1082, 1090), (1082, 1154), (1083, 1091), (1083, 1114), (1084, 1092), (1084, 1104), (1085, 1093), (1085, 1104), (1086, 1094), (1086, 1095), (1087, 1101), (1087, 1161), (1088, 1158), (1088, 1159), (1090, 1106), (1090, 1154), (1091, 1107), (1091, 1114), (1092, 1110), (1092, 1104), (1093, 1111), (1093, 1104), (1094, 1105), (1094, 1161), (1095, 1181), (1096, 1113), (1096, 1163), (1098, 1108), (1098, 1116), (1099, 1109), (1099, 1123), (1100, 1158), (1100, 1159), (1101, 1105), (1101, 1160), (1103, 1118), (1104, 1181), (1105, 1125), (1105, 1160), (1106, 1117), (1106, 1154), (1107, 1126), (1107, 1114), (1108, 1122), (1108, 1116), (1109, 1115), (1109, 1123), (1110, 1125), (1110, 1161), (1111, 1158), (1111, 1159), (1113, 1121), (1113, 1163), (1114, 1136), (1114, 1128), (1115, 1130), (1115, 1142), (1116, 1156), (1116, 1157), (1117, 1131), (1117, 1154), (1118, 1132), (1118, 1148), (1119, 1148), (1120, 1181), (1121, 1137), (1121, 1163), (1122, 1131), (1122, 1155), (1123, 1127), (1123, 1142), (1125, 1129), (1125, 1160), (1126, 1134), (1126, 1128), (1127, 1145), (1127, 1142), (1128, 1181), (1129, 1146), (1129, 1160), (1130, 1141), (1130, 1142), (1131, 1138), (1131, 1154), (1132, 1139), (1132, 1148), (1133, 1148), (1134, 1146), (1134, 1161), (1136, 1158), (1136, 1159), (1137, 1143), (1137, 1163), (1138, 1150), (1138, 1154), (1139, 1147), (1139, 1148), (1140, 1148), (1141, 1152), (1141, 1161), (1142, 1181), (1143, 1149), (1143, 1163), (1145, 1158), (1145, 1159), (1146, 1152), (1146, 1160), (1147, 1181), (1147, 1161), (1148, 1181), (1149, 1181), (1149, 1163), (1150, 1181), (1150, 1154), (1152, 1181), (1152, 1160), (1153, 1158), (1153, 1159), (1154, 1160), (1154, 1163), (1155, 1161), (1155, 1162), (1156, 1181), (1156, 1163), (1158, 1181), (1158, 1160), (1159, 1161), (1160, 1181), (1161, 1181), (1163, 1181)]
	Crossbar: 3
	Rows: 27
	Columns: 31
	Nodes: [20, 35, 135, 259, 327, 388, 401, 467, 483, 499, 563, 608, 742, 784, 908, 965, 991, 1070, 1075, 1097, 1103, 1119, 1133, 1140, 1153, 1252, 1255]
	Edges: [(20, 35), (135, 259), (135, 1252), (259, 1252), (259, 327), (327, 1252), (327, 401), (388, 467), (401, 1252), (401, 483), (467, 908), (467, 499), (483, 1252), (483, 563), (563, 608), (563, 1252), (608, 1252), (742, 965), (784, 1252), (991, 1119), (1070, 1075), (1070, 1119), (1075, 1097), (1075, 1119), (1097, 1103), (1097, 1119), (1103, 1119), (1119, 1133), (1133, 1140), (1140, 1153), (1252, 1255)]
	Crossbar: 4
	Rows: 306
	Columns: 512
	Nodes: [11, 13, 26, 28, 31, 36, 59, 61, 64, 69, 73, 76, 79, 88, 99, 107, 109, 116, 121, 133, 136, 139, 140, 155, 156, 158, 160, 171, 174, 176, 177, 181, 184, 185, 186, 189, 191, 193, 194, 196, 200, 206, 208, 212, 216, 220, 222, 223, 231, 235, 236, 242, 255, 257, 258, 260, 264, 265, 269, 275, 278, 280, 284, 286, 288, 296, 300, 301, 307, 320, 322, 323, 325, 326, 328, 329, 334, 335, 342, 344, 346, 348, 355, 356, 358, 362, 366, 371, 373, 378, 380, 382, 394, 399, 400, 405, 406, 407, 419, 421, 425, 428, 430, 434, 441, 443, 446, 449, 451, 455, 457, 459, 462, 469, 472, 475, 478, 480, 484, 487, 488, 489, 491, 492, 495, 500, 501, 512, 514, 517, 518, 519, 526, 527, 534, 536, 537, 541, 544, 545, 546, 557, 558, 560, 564, 568, 570, 572, 573, 577, 578, 580, 582, 586, 592, 600, 602, 606, 607, 610, 611, 612, 613, 627, 630, 631, 633, 634, 635, 637, 639, 640, 642, 650, 654, 657, 660, 664, 672, 673, 676, 678, 682, 683, 686, 690, 695, 696, 700, 708, 717, 720, 730, 732, 738, 740, 770, 771, 772, 774, 776, 779, 780, 783, 788, 791, 792, 795, 796, 798, 799, 801, 803, 804, 807, 809, 835, 840, 841, 842, 843, 844, 845, 848, 851, 852, 853, 854, 855, 856, 857, 860, 863, 867, 868, 876, 878, 884, 885, 887, 901, 902, 903, 925, 926, 927, 928, 929, 950, 951, 952, 964, 981, 986, 989, 991, 1002, 1017, 1019, 1024, 1027, 1030, 1044, 1057, 1059, 1069, 1089, 1096, 1112, 1124, 1151, 1156, 1157, 1162, 1163, 1165, 1166, 1176, 1178, 1179, 1182, 1184, 1194, 1195, 1197, 1200, 1203, 1205, 1213, 1216, 1220, 1221, 1224, 1227, 1228, 1229, 1234, 1235, 1238, 1242, 1243, 1246, 1248, 1250, 1251, 1253]
	Edges: [(11, 26), (11, 177), (13, 28), (13, 720), (26, 59), (26, 177), (28, 61), (28, 720), (31, 64), (31, 133), (36, 69), (36, 700), (59, 73), (59, 177), (61, 76), (61, 720), (64, 79), (64, 133), (73, 107), (73, 177), (76, 116), (76, 720), (79, 99), (79, 133), (88, 109), (99, 133), (99, 121), (107, 136), (109, 708), (116, 720), (116, 696), (121, 176), (121, 133), (133, 231), (133, 878), (136, 235), (136, 901), (139, 212), (139, 929), (140, 258), (140, 1151), (155, 200), (155, 1124), (156, 216), (156, 1213), (158, 255), (158, 1221), (160, 206), (160, 1216), (171, 260), (171, 1224), (174, 222), (174, 1024), (176, 264), (176, 876), (177, 223), (177, 952), (181, 220), (181, 1227), (184, 208), (184, 1228), (185, 236), (185, 986), (186, 196), (186, 1220), (189, 194), (189, 1229), (191, 738), (193, 1248), (194, 1229), (194, 329), (196, 265), (200, 1124), (200, 269), (206, 1216), (206, 275), (208, 1228), (208, 322), (212, 929), (212, 280), (216, 1213), (216, 284), (220, 1227), (220, 320), (222, 1024), (222, 286), (223, 952), (223, 288), (231, 878), (231, 296), (235, 901), (235, 300), (236, 986), (236, 301), (242, 738), (242, 307), (255, 1221), (255, 323), (257, 885), (257, 325), (258, 1151), (258, 326), (260, 1224), (260, 328), (264, 876), (264, 334), (265, 1220), (265, 362), (269, 1124), (269, 335), (275, 1216), (275, 382), (278, 1248), (280, 929), (280, 348), (284, 378), (284, 394), (286, 1024), (286, 356), (288, 952), (288, 358), (296, 878), (296, 366), (300, 901), (300, 371), (301, 986), (301, 373), (307, 738), (307, 380), (320, 355), (320, 1227), (322, 342), (322, 1228), (323, 1221), (323, 407), (325, 885), (325, 399), (326, 1151), (326, 400), (328, 1224), (328, 346), (329, 406), (329, 1229), (334, 876), (334, 405), (335, 1124), (335, 446), (342, 1228), (342, 419), (344, 421), (346, 484), (346, 1224), (348, 929), (348, 425), (355, 1227), (355, 430), (356, 1024), (356, 472), (358, 952), (358, 434), (362, 492), (362, 1220), (366, 878), (366, 443), (371, 901), (371, 449), (373, 986), (373, 487), (378, 1213), (378, 455), (380, 738), (380, 491), (382, 459), (382, 462), (394, 469), (394, 475), (399, 885), (399, 480), (400, 1151), (400, 428), (405, 876), (405, 488), (406, 1229), (406, 489), (407, 478), (407, 1221), (419, 1228), (421, 1248), (421, 537), (425, 929), (425, 564), (428, 572), (428, 1151), (430, 1227), (430, 514), (434, 952), (434, 518), (441, 526), (443, 878), (443, 527), (446, 1124), (449, 901), (449, 534), (451, 495), (455, 1213), (455, 541), (457, 557), (457, 545), (459, 1216), (459, 546), (462, 568), (462, 501), (469, 1213), (469, 560), (472, 517), (472, 1024), (475, 578), (475, 512), (478, 1221), (478, 570), (480, 885), (480, 519), (484, 1224), (484, 573), (487, 986), (488, 876), (489, 1229), (489, 580), (491, 544), (491, 738), (492, 1220), (492, 582), (495, 1112), (495, 639), (500, 1228), (500, 592), (501, 635), (501, 640), (512, 650), (512, 633), (514, 1227), (514, 606), (517, 1024), (517, 611), (518, 952), (518, 672), (519, 660), (526, 1251), (526, 654), (527, 878), (527, 602), (534, 683), (534, 664), (536, 986), (536, 630), (537, 690), (537, 1248), (541, 1213), (541, 634), (544, 738), (544, 637), (546, 1216), (546, 642), (558, 600), (560, 1213), (560, 657), (564, 610), (564, 929), (568, 1216), (568, 612), (570, 1221), (570, 673), (572, 1151), (572, 613), (573, 1224), (573, 676), (577, 678), (577, 607), (578, 1213), (578, 627), (580, 1229), (580, 682), (582, 1220), (582, 686), (586, 1124), (586, 631), (592, 1228), (592, 853), (602, 795), (602, 878), (606, 1227), (606, 867), (607, 795), (607, 876), (610, 772), (610, 929), (611, 1024), (611, 780), (612, 803), (612, 804), (613, 779), (613, 1151), (627, 796), (627, 798), (630, 986), (630, 771), (631, 770), (631, 1124), (633, 860), (633, 1213), (634, 1213), (634, 856), (635, 807), (635, 809), (637, 738), (637, 792), (639, 791), (639, 1112), (640, 868), (640, 1216), (642, 1216), (642, 863), (650, 799), (650, 801), (654, 851), (654, 1251), (657, 1213), (657, 857), (660, 851), (660, 885), (664, 843), (664, 901), (672, 843), (672, 952), (673, 1221), (673, 842), (676, 1224), (676, 844), (678, 876), (678, 845), (682, 1229), (682, 841), (683, 776), (683, 788), (686, 1220), (686, 854), (690, 783), (690, 1248), (695, 1162), (696, 717), (696, 720), (717, 732), (730, 740), (738, 1195), (738, 1178), (740, 981), (740, 1163), (770, 1243), (770, 927), (771, 1235), (771, 927), (772, 929), (772, 927), (774, 1228), (776, 901), (776, 902), (779, 1246), (779, 1205), (780, 1238), (780, 1205), (783, 1248), (783, 1205), (788, 901), (788, 925), (791, 1242), (791, 1203), (792, 1234), (792, 1203), (795, 878), (795, 1203), (796, 1243), (796, 1213), (798, 1235), (798, 1213), (799, 929), (799, 1213), (801, 903), (801, 1213), (803, 1246), (803, 1216), (804, 1238), (804, 1216), (807, 1248), (807, 1216), (809, 884), (809, 1216), (835, 1227), (840, 885), (841, 1229), (841, 927), (842, 1221), (842, 927), (843, 952), (843, 927), (844, 1224), (844, 1205), (845, 876), (848, 1234), (851, 1251), (851, 1205), (852, 878), (853, 1228), (853, 1203), (854, 1220), (854, 1203), (855, 1203), (856, 1229), (856, 1213), (857, 1221), (857, 1213), (860, 952), (860, 1213), (863, 1224), (863, 1216), (867, 1227), (867, 1200), (868, 1251), (868, 1216), (876, 1250), (876, 887), (878, 1250), (884, 1250), (885, 1251), (885, 1250), (887, 1250), (901, 952), (901, 928), (902, 952), (902, 926), (903, 1250), (925, 952), (925, 928), (926, 951), (926, 950), (927, 1250), (928, 951), (928, 950), (929, 1250), (950, 1250), (950, 952), (951, 952), (951, 1250), (952, 1250), (964, 991), (981, 989), (981, 1163), (986, 1197), (986, 1179), (989, 1019), (989, 1163), (991, 1002), (1017, 1027), (1019, 1030), (1019, 1163), (1024, 1184), (1024, 1166), (1027, 1044), (1027, 1059), (1030, 1057), (1030, 1163), (1057, 1069), (1057, 1163), (1059, 1156), (1059, 1157), (1069, 1163), (1089, 1096), (1089, 1163), (1124, 1194), (1124, 1176), (1151, 1182), (1151, 1165), (1157, 1162), (1165, 1246), (1166, 1238), (1176, 1243), (1178, 1234), (1179, 1235), (1182, 1250), (1182, 1246), (1184, 1250), (1184, 1238), (1194, 1250), (1194, 1243), (1195, 1250), (1195, 1234), (1197, 1250), (1197, 1235), (1203, 1250), (1205, 1250), (1213, 1250), (1216, 1250), (1221, 1250), (1224, 1250), (1227, 1250), (1228, 1250), (1229, 1250), (1234, 1250), (1235, 1250), (1238, 1250), (1243, 1250), (1246, 1250), (1248, 1253)]
	Crossbar: 5
	Rows: 309
	Columns: 475
	Nodes: [2, 3, 5, 32, 35, 37, 38, 39, 40, 41, 42, 43, 44, 45, 46, 47, 48, 49, 50, 51, 52, 53, 54, 55, 56, 65, 68, 70, 71, 83, 87, 90, 92, 98, 105, 107, 112, 120, 122, 124, 134, 138, 143, 146, 147, 148, 154, 159, 162, 163, 164, 165, 167, 169, 172, 177, 187, 188, 190, 191, 196, 197, 199, 201, 202, 203, 204, 205, 207, 209, 217, 226, 229, 230, 238, 242, 244, 247, 249, 250, 252, 257, 266, 268, 270, 271, 272, 273, 274, 277, 278, 291, 294, 295, 303, 309, 311, 316, 318, 336, 337, 338, 339, 340, 343, 344, 345, 354, 361, 364, 365, 375, 379, 383, 389, 392, 395, 403, 409, 411, 412, 413, 415, 416, 419, 422, 429, 438, 441, 442, 446, 448, 451, 452, 457, 458, 470, 473, 486, 487, 488, 493, 494, 496, 498, 500, 502, 503, 504, 505, 513, 516, 519, 531, 532, 533, 535, 536, 540, 549, 558, 565, 567, 574, 577, 584, 586, 588, 591, 601, 605, 608, 616, 621, 622, 628, 641, 644, 646, 648, 655, 658, 662, 666, 671, 674, 675, 681, 692, 694, 699, 723, 726, 735, 736, 749, 750, 751, 753, 762, 767, 768, 769, 774, 775, 777, 781, 784, 786, 813, 815, 818, 823, 825, 831, 833, 835, 836, 838, 840, 845, 846, 848, 852, 855, 858, 862, 865, 872, 875, 877, 879, 881, 882, 883, 885, 886, 888, 889, 891, 892, 896, 900, 904, 908, 912, 918, 924, 930, 936, 945, 949, 953, 957, 961, 968, 979, 985, 1011, 1017, 1028, 1044, 1045, 1058, 1059, 1066, 1069, 1080, 1089, 1095, 1102, 1112, 1120, 1142, 1148, 1162, 1163, 1171, 1173, 1175, 1181, 1183, 1189, 1191, 1193, 1198, 1200, 1201, 1202, 1204, 1206, 1211, 1212, 1219, 1220, 1233, 1241, 1242, 1247, 1248, 1249, 1250, 1251, 1252, 1253, 1254, 1255, 1256, 1257]
	Edges: [(2, 1045), (3, 42), (3, 169), (5, 44), (5, 163), (32, 65), (32, 1028), (35, 68), (35, 1066), (37, 70), (37, 1148), (38, 71), (38, 1080), (39, 49), (39, 1142), (40, 48), (40, 1120), (41, 50), (41, 1045), (42, 51), (42, 169), (43, 52), (43, 1095), (44, 53), (44, 163), (45, 54), (45, 736), (46, 55), (46, 968), (47, 56), (47, 1011), (48, 87), (48, 1120), (53, 92), (53, 163), (83, 98), (90, 105), (90, 169), (92, 112), (92, 163), (98, 1066), (98, 699), (105, 169), (105, 122), (107, 177), (112, 163), (112, 120), (120, 146), (120, 163), (122, 134), (122, 169), (124, 244), (124, 723), (134, 257), (134, 885), (138, 226), (138, 889), (143, 230), (143, 896), (147, 247), (147, 1212), (148, 207), (148, 1219), (154, 217), (154, 750), (159, 205), (159, 1112), (162, 209), (162, 1102), (163, 197), (163, 881), (164, 249), (164, 908), (165, 250), (165, 886), (167, 252), (167, 892), (169, 229), (169, 1251), (172, 199), (172, 1211), (187, 201), (187, 904), (188, 203), (188, 900), (190, 204), (190, 883), (191, 242), (196, 1220), (197, 881), (197, 266), (199, 1211), (199, 268), (201, 904), (201, 271), (202, 1249), (202, 270), (203, 900), (203, 272), (204, 883), (204, 273), (205, 1112), (205, 274), (207, 1219), (209, 1102), (209, 277), (217, 749), (217, 751), (226, 889), (226, 291), (229, 1251), (229, 294), (230, 896), (230, 295), (238, 879), (238, 303), (244, 723), (244, 309), (247, 1212), (247, 311), (249, 908), (250, 886), (250, 316), (252, 892), (252, 318), (266, 881), (266, 409), (268, 354), (268, 379), (270, 1249), (270, 336), (271, 904), (271, 337), (272, 900), (272, 338), (273, 883), (273, 339), (274, 1112), (274, 340), (277, 1102), (277, 343), (278, 344), (291, 889), (291, 361), (294, 1251), (294, 364), (295, 896), (295, 365), (303, 879), (303, 375), (309, 723), (309, 383), (311, 403), (311, 345), (316, 886), (316, 389), (318, 892), (318, 392), (336, 1249), (336, 412), (337, 904), (337, 411), (338, 900), (338, 413), (339, 883), (339, 415), (340, 1112), (340, 451), (343, 1102), (343, 458), (344, 1248), (345, 416), (345, 422), (354, 1211), (354, 429), (361, 889), (361, 438), (364, 1251), (364, 441), (365, 896), (365, 442), (375, 879), (375, 452), (379, 448), (379, 457), (383, 723), (383, 494), (389, 886), (389, 470), (392, 892), (392, 473), (395, 1219), (403, 1212), (403, 486), (409, 881), (409, 493), (411, 904), (411, 531), (412, 1249), (412, 558), (413, 900), (413, 532), (415, 883), (415, 535), (416, 1212), (416, 496), (419, 500), (422, 516), (422, 505), (429, 1211), (429, 513), (438, 889), (438, 565), (441, 1251), (442, 896), (442, 567), (446, 586), (448, 1211), (448, 533), (451, 1112), (452, 879), (452, 540), (458, 503), (458, 1102), (470, 886), (470, 502), (473, 892), (473, 504), (486, 1212), (486, 574), (487, 536), (488, 577), (493, 881), (493, 584), (494, 549), (494, 723), (496, 1212), (496, 588), (498, 1219), (498, 591), (502, 658), (502, 886), (503, 1102), (503, 646), (504, 662), (504, 892), (505, 641), (505, 621), (513, 1211), (513, 605), (516, 1212), (516, 674), (519, 671), (531, 904), (532, 692), (532, 900), (533, 1211), (533, 628), (535, 694), (535, 883), (549, 723), (549, 644), (565, 616), (565, 889), (567, 622), (567, 896), (574, 1212), (574, 681), (584, 881), (584, 648), (588, 1212), (588, 777), (591, 1219), (591, 872), (601, 767), (601, 768), (605, 1211), (605, 835), (608, 855), (616, 889), (616, 775), (621, 852), (621, 1212), (622, 896), (622, 781), (628, 1211), (628, 836), (641, 784), (641, 786), (644, 723), (644, 815), (646, 813), (646, 1102), (648, 818), (648, 881), (655, 908), (655, 825), (658, 886), (658, 831), (662, 892), (662, 833), (666, 769), (666, 1211), (671, 885), (671, 840), (674, 846), (674, 848), (675, 818), (681, 1212), (681, 774), (692, 900), (692, 862), (694, 883), (694, 865), (699, 726), (699, 1059), (723, 1193), (723, 1175), (726, 735), (726, 1059), (735, 979), (735, 1059), (749, 1257), (749, 823), (750, 1257), (751, 762), (753, 1249), (753, 1200), (762, 1257), (762, 1247), (767, 1241), (767, 1211), (768, 1233), (768, 1211), (769, 881), (769, 1211), (774, 1212), (775, 889), (775, 1198), (777, 1220), (777, 1212), (781, 896), (781, 930), (784, 1212), (786, 888), (786, 1212), (813, 1241), (813, 1200), (815, 1233), (815, 1200), (818, 881), (818, 1200), (823, 1250), (825, 908), (825, 912), (831, 886), (831, 1201), (833, 892), (833, 936), (835, 1211), (836, 1219), (836, 1211), (838, 1249), (838, 1211), (840, 1206), (845, 877), (846, 1242), (846, 1212), (848, 1212), (852, 1212), (855, 1252), (858, 904), (858, 918), (862, 900), (862, 924), (865, 883), (865, 1204), (872, 1219), (872, 1200), (875, 1257), (875, 882), (877, 1250), (877, 1202), (881, 1250), (882, 1257), (882, 945), (883, 1257), (883, 1247), (886, 1257), (886, 1247), (889, 1257), (889, 1247), (891, 1250), (892, 1257), (892, 1247), (896, 1257), (896, 1247), (900, 1257), (900, 1247), (904, 1257), (904, 1247), (908, 1257), (908, 1247), (912, 1257), (912, 1247), (918, 1257), (918, 1247), (924, 1257), (924, 1247), (930, 1257), (930, 1247), (936, 1257), (936, 1247), (945, 1257), (945, 949), (949, 1257), (949, 953), (953, 1257), (953, 957), (957, 1257), (957, 961), (961, 1257), (961, 1254), (979, 985), (979, 1059), (985, 1017), (985, 1059), (1017, 1059), (1044, 1058), (1044, 1059), (1058, 1089), (1058, 1162), (1069, 1089), (1102, 1189), (1102, 1171), (1112, 1191), (1112, 1173), (1162, 1250), (1163, 1183), (1171, 1241), (1173, 1242), (1175, 1233), (1181, 1250), (1183, 1250), (1189, 1250), (1189, 1241), (1191, 1250), (1191, 1242), (1193, 1250), (1193, 1233), (1198, 1257), (1198, 1247), (1200, 1250), (1201, 1257), (1201, 1247), (1202, 1250), (1204, 1257), (1204, 1247), (1206, 1251), (1206, 1250), (1211, 1250), (1212, 1250), (1219, 1250), (1220, 1250), (1233, 1250), (1241, 1250), (1242, 1250), (1247, 1257), (1249, 1256), (1250, 1257), (1251, 1254), (1253, 1257), (1254, 1257), (1255, 1257), (1256, 1257)]
