Benchmark: apex5
Inputs: 117
Outputs: 88
BDD type: SBDD
BDD construct time (s): 0.4784262180328369
	Output variables: f0, f1, f2, f3, f4, f5, f6, f7, f8, f9, f10, f11, f12, f13, f14, f15, f16, f17, f18, f19, f20, f21, f22, f23, f24, f25, f26, f27, f28, f29, f30, f31, f32, f33, f34, f35, f36, f37, f38, f39, f40, f41, f42, f43, f44, f45, f46, f47, f48, f49, f50, f51, f52, f53, f54, f55, f56, f57, f58, f59, f60, f61, f62, f63, f64, f65, f66, f67, f68, f69, f70, f71, f72, f73, f74, f75, f76, f77, f78, f79, f80, f81, f82, f83, f84, f85, f86, f87
	Nodes: 1259
	Edges: 2514
	BDD show time (s): 0.07896041870117188
Partition alpha: 0.5
Partition D: 256
Partition K: 12
Partition ILP time (s): 3603.072632789612
Partition status: Optimal
Partition objective S: 798.5
N: 12
I: 1585
Roots: [0, 1, 2, 3, 4, 5, 6, 7, 8, 9, 10, 11, 12, 13, 14, 15, 16, 17, 18, 19, 20, 21, 22, 23, 123, 124, 125, 126, 127, 128, 129, 130, 131, 132, 135, 138, 139, 140, 141, 143, 144, 145, 147, 148, 149, 153, 154, 155, 156, 158, 159, 160, 161, 162, 164, 165, 166, 167, 168, 170, 171, 172, 174, 175, 178, 179, 180, 181, 183, 184, 185, 186, 187, 188, 189, 190, 191, 192, 193, 875, 1207, 1208, 1253, 1255, 1256, 1258]
Terminal: [1257]
Gap (%): 20.64
	Crossbar: 0
	Rows: 150
	Columns: 229
	Nodes: [6, 7, 8, 10, 15, 17, 22, 25, 31, 32, 37, 45, 46, 47, 54, 55, 56, 58, 64, 65, 70, 74, 79, 80, 85, 93, 94, 95, 99, 102, 103, 104, 111, 113, 114, 117, 119, 121, 127, 133, 150, 175, 176, 186, 193, 196, 210, 231, 243, 244, 246, 248, 265, 278, 296, 309, 312, 313, 344, 366, 383, 386, 387, 414, 416, 421, 443, 465, 482, 494, 496, 520, 527, 537, 549, 553, 556, 588, 602, 643, 644, 647, 651, 665, 690, 698, 705, 706, 710, 711, 714, 723, 728, 736, 742, 746, 752, 765, 768, 777, 783, 795, 815, 852, 878, 910, 956, 965, 968, 972, 977, 978, 987, 992, 1003, 1011, 1019, 1028, 1030, 1032, 1057, 1068, 1069, 1089, 1096, 1113, 1118, 1121, 1132, 1137, 1139, 1143, 1147, 1148, 1149, 1163, 1174, 1175, 1181, 1192, 1193, 1212, 1214, 1220, 1225, 1232, 1233, 1248, 1250, 1253]
	Edges: [(6, 45), (6, 736), (7, 46), (7, 968), (8, 47), (8, 1011), (10, 25), (10, 987), (15, 31), (15, 133), (17, 32), (17, 1028), (22, 37), (22, 1148), (25, 58), (25, 987), (31, 64), (31, 133), (32, 65), (32, 1028), (37, 70), (37, 1148), (45, 54), (45, 736), (46, 55), (46, 968), (47, 56), (47, 1011), (54, 93), (54, 736), (55, 94), (55, 968), (56, 95), (56, 1011), (58, 74), (58, 987), (64, 79), (64, 133), (65, 80), (65, 1028), (70, 85), (70, 1148), (74, 113), (74, 987), (79, 99), (79, 133), (80, 119), (80, 1028), (85, 103), (85, 1148), (94, 104), (94, 968), (95, 117), (95, 1011), (99, 133), (99, 121), (102, 705), (103, 1148), (104, 968), (104, 710), (111, 711), (113, 987), (113, 706), (114, 150), (117, 1011), (117, 698), (121, 176), (121, 133), (127, 248), (127, 972), (133, 231), (133, 878), (150, 243), (150, 910), (175, 246), (175, 1225), (186, 196), (186, 1220), (193, 210), (193, 1248), (196, 1220), (196, 265), (210, 1248), (210, 278), (231, 878), (231, 296), (244, 723), (244, 309), (246, 1225), (246, 313), (248, 972), (248, 312), (265, 1220), (278, 1248), (278, 344), (296, 878), (296, 366), (309, 723), (309, 383), (312, 972), (312, 387), (313, 386), (313, 1225), (344, 1248), (344, 421), (366, 878), (366, 443), (383, 723), (383, 494), (386, 1225), (386, 465), (387, 972), (387, 414), (414, 556), (414, 972), (416, 496), (421, 1248), (421, 537), (443, 878), (443, 527), (465, 1225), (465, 553), (482, 520), (494, 549), (494, 723), (496, 1212), (496, 588), (520, 665), (520, 643), (527, 878), (527, 602), (537, 690), (537, 1248), (549, 723), (549, 644), (553, 1225), (553, 647), (556, 972), (556, 651), (588, 1212), (588, 777), (602, 795), (602, 878), (643, 752), (643, 1214), (644, 723), (644, 815), (647, 1225), (651, 972), (651, 765), (690, 783), (690, 1248), (705, 714), (705, 1068), (710, 728), (710, 968), (714, 742), (714, 1068), (723, 1193), (723, 1175), (728, 746), (728, 977), (742, 965), (742, 1068), (746, 978), (746, 977), (752, 956), (752, 1214), (765, 1232), (768, 1233), (777, 1220), (777, 1212), (783, 1248), (795, 878), (815, 1233), (852, 878), (852, 1212), (878, 1250), (956, 1250), (965, 992), (965, 1068), (968, 1181), (972, 1192), (972, 1174), (987, 1181), (992, 1003), (992, 1068), (1003, 1032), (1003, 1068), (1019, 1030), (1028, 1181), (1030, 1057), (1030, 1163), (1032, 1068), (1057, 1069), (1057, 1163), (1069, 1089), (1069, 1163), (1089, 1096), (1096, 1113), (1096, 1163), (1113, 1121), (1113, 1163), (1118, 1132), (1118, 1148), (1121, 1137), (1121, 1163), (1132, 1139), (1132, 1148), (1137, 1143), (1137, 1163), (1139, 1147), (1139, 1148), (1143, 1149), (1143, 1163), (1148, 1181), (1149, 1181), (1149, 1163), (1163, 1181), (1174, 1232), (1175, 1233), (1192, 1250), (1192, 1232), (1193, 1250), (1193, 1233), (1214, 1250), (1232, 1250), (1233, 1250), (1248, 1253)]
	Crossbar: 1
	Rows: 163
	Columns: 238
	Nodes: [0, 2, 40, 41, 48, 50, 87, 89, 97, 103, 106, 138, 152, 153, 155, 158, 161, 171, 180, 181, 184, 198, 200, 208, 220, 221, 226, 245, 253, 255, 260, 267, 269, 287, 291, 310, 319, 322, 323, 328, 335, 342, 346, 353, 384, 385, 388, 397, 407, 410, 418, 419, 439, 446, 461, 464, 467, 474, 477, 478, 482, 484, 498, 500, 523, 551, 554, 562, 566, 570, 583, 585, 586, 587, 591, 592, 606, 617, 626, 631, 638, 645, 663, 670, 673, 680, 703, 711, 713, 721, 741, 747, 748, 770, 774, 797, 810, 811, 812, 820, 826, 834, 837, 842, 853, 857, 866, 867, 869, 872, 889, 906, 919, 927, 967, 970, 971, 993, 994, 997, 999, 1010, 1045, 1054, 1072, 1078, 1093, 1095, 1100, 1105, 1111, 1119, 1120, 1123, 1124, 1125, 1127, 1129, 1135, 1142, 1145, 1146, 1150, 1152, 1158, 1159, 1160, 1176, 1177, 1181, 1194, 1200, 1210, 1214, 1218, 1219, 1221, 1224, 1227, 1228, 1243, 1244, 1250]
	Edges: [(0, 40), (0, 1120), (2, 41), (2, 1045), (40, 48), (40, 1120), (41, 50), (41, 1045), (48, 87), (48, 1120), (50, 89), (50, 1045), (87, 106), (87, 1120), (89, 97), (89, 1045), (97, 1045), (103, 703), (106, 1120), (138, 226), (138, 889), (152, 245), (152, 906), (153, 198), (153, 1135), (155, 200), (155, 1124), (158, 255), (158, 1221), (161, 221), (161, 1214), (171, 260), (171, 1224), (180, 253), (180, 1218), (181, 220), (181, 1227), (184, 208), (184, 1228), (198, 1135), (198, 267), (200, 1124), (200, 269), (208, 1228), (208, 322), (220, 1227), (221, 1214), (221, 287), (226, 889), (226, 291), (245, 906), (245, 310), (253, 1218), (253, 319), (255, 1221), (255, 323), (260, 1224), (260, 328), (267, 1135), (267, 410), (269, 1124), (269, 335), (287, 384), (287, 397), (310, 906), (310, 385), (319, 1218), (319, 353), (322, 342), (322, 1228), (323, 1221), (323, 407), (328, 1224), (328, 346), (335, 1124), (335, 446), (342, 1228), (342, 419), (346, 484), (346, 1224), (353, 474), (353, 1218), (384, 1214), (384, 461), (385, 906), (385, 464), (388, 467), (397, 477), (397, 482), (407, 478), (407, 1221), (410, 1135), (410, 439), (418, 498), (419, 1228), (419, 500), (439, 583), (439, 1135), (446, 586), (446, 1124), (461, 1214), (461, 551), (464, 906), (464, 554), (474, 1218), (474, 562), (477, 1214), (477, 566), (478, 1221), (478, 570), (482, 585), (498, 1219), (498, 591), (500, 1228), (500, 592), (523, 617), (551, 1214), (551, 645), (554, 587), (554, 680), (562, 1218), (562, 663), (566, 1214), (566, 670), (570, 1221), (570, 673), (583, 1135), (583, 626), (585, 1214), (585, 638), (586, 1124), (586, 631), (587, 797), (587, 810), (591, 1219), (591, 872), (592, 1228), (592, 853), (606, 867), (617, 1210), (617, 820), (626, 826), (626, 1135), (631, 770), (631, 1124), (638, 811), (638, 812), (645, 1214), (645, 866), (663, 1218), (663, 834), (670, 1214), (670, 869), (673, 1221), (673, 842), (680, 837), (680, 906), (703, 713), (703, 1119), (711, 721), (711, 1072), (713, 741), (713, 1119), (721, 747), (721, 1072), (747, 971), (747, 1072), (748, 970), (770, 1243), (770, 927), (774, 1228), (810, 906), (811, 1244), (811, 1214), (812, 1214), (820, 1218), (820, 1210), (826, 1244), (834, 1218), (834, 919), (837, 919), (842, 1221), (842, 927), (853, 1228), (857, 1221), (867, 1227), (867, 1200), (869, 1214), (872, 1219), (872, 1200), (967, 997), (970, 993), (970, 994), (971, 999), (971, 1072), (993, 1045), (994, 1054), (994, 1045), (997, 1010), (997, 1123), (999, 1072), (1045, 1181), (1054, 1158), (1054, 1159), (1072, 1078), (1072, 1095), (1078, 1100), (1078, 1095), (1093, 1111), (1100, 1158), (1100, 1159), (1105, 1125), (1111, 1158), (1111, 1159), (1120, 1181), (1123, 1127), (1124, 1194), (1124, 1176), (1125, 1129), (1127, 1145), (1127, 1142), (1129, 1146), (1129, 1160), (1135, 1177), (1142, 1181), (1145, 1158), (1145, 1159), (1146, 1160), (1150, 1181), (1152, 1160), (1158, 1160), (1176, 1243), (1177, 1244), (1194, 1243), (1218, 1250), (1219, 1250), (1221, 1250), (1228, 1250)]
	Crossbar: 2
	Rows: 89
	Columns: 136
	Nodes: [4, 43, 52, 91, 97, 111, 119, 126, 148, 160, 163, 185, 197, 206, 207, 236, 261, 266, 275, 276, 290, 301, 330, 360, 373, 382, 395, 402, 409, 418, 436, 452, 453, 459, 485, 487, 493, 522, 536, 540, 542, 546, 547, 584, 593, 629, 630, 648, 668, 669, 675, 688, 701, 712, 722, 727, 737, 748, 771, 785, 790, 793, 805, 818, 850, 879, 881, 893, 895, 916, 937, 938, 939, 941, 958, 959, 960, 969, 984, 986, 994, 996, 1006, 1016, 1028, 1095, 1216, 1219, 1250]
	Edges: [(4, 43), (4, 1095), (43, 52), (43, 1095), (52, 91), (52, 1095), (91, 111), (91, 1095), (97, 712), (119, 1028), (119, 701), (126, 261), (126, 916), (148, 207), (148, 1219), (160, 206), (160, 1216), (163, 197), (163, 881), (185, 236), (185, 986), (197, 881), (197, 266), (206, 1216), (206, 275), (207, 1219), (207, 276), (236, 986), (236, 301), (261, 916), (261, 330), (266, 409), (275, 1216), (275, 382), (276, 1219), (276, 395), (290, 960), (290, 360), (301, 986), (301, 373), (330, 916), (330, 402), (360, 960), (360, 436), (373, 986), (373, 487), (382, 459), (395, 418), (395, 1219), (402, 485), (409, 881), (409, 493), (418, 1219), (436, 960), (436, 522), (452, 540), (453, 542), (459, 1216), (459, 546), (485, 916), (485, 547), (487, 536), (487, 986), (493, 881), (493, 584), (522, 960), (522, 668), (536, 986), (536, 630), (540, 629), (540, 675), (542, 688), (542, 669), (547, 593), (547, 916), (584, 881), (584, 648), (593, 850), (593, 916), (629, 879), (629, 790), (630, 986), (630, 771), (648, 818), (648, 881), (668, 805), (668, 960), (669, 805), (675, 818), (675, 879), (688, 785), (688, 793), (701, 727), (701, 984), (712, 722), (712, 994), (722, 748), (722, 994), (727, 737), (727, 984), (737, 969), (737, 984), (748, 994), (785, 895), (790, 879), (793, 893), (793, 937), (805, 960), (805, 938), (818, 881), (850, 916), (881, 1250), (893, 941), (895, 960), (895, 939), (916, 1250), (937, 960), (937, 941), (939, 959), (939, 958), (941, 959), (941, 958), (958, 1250), (958, 960), (959, 960), (959, 1250), (960, 1250), (969, 996), (969, 984), (984, 1016), (984, 1028), (996, 1006), (996, 1028), (1006, 1028), (1016, 1028), (1216, 1250)]
	Crossbar: 3
	Rows: 75
	Columns: 104
	Nodes: [106, 131, 174, 222, 251, 286, 317, 345, 347, 356, 359, 367, 422, 424, 435, 445, 450, 505, 507, 516, 521, 538, 548, 579, 594, 596, 597, 614, 621, 641, 667, 674, 679, 687, 704, 707, 716, 744, 756, 758, 759, 760, 763, 782, 789, 819, 830, 852, 897, 899, 931, 933, 948, 956, 966, 995, 1005, 1024, 1033, 1041, 1071, 1077, 1098, 1108, 1116, 1122, 1156, 1157, 1163, 1184, 1210, 1212, 1226, 1232, 1240]
	Edges: [(106, 707), (131, 251), (131, 704), (174, 222), (174, 1024), (222, 1024), (222, 286), (251, 704), (251, 317), (286, 1024), (286, 356), (317, 704), (345, 422), (347, 1210), (347, 424), (356, 1024), (359, 956), (359, 435), (367, 445), (422, 516), (422, 505), (424, 1210), (424, 507), (435, 956), (435, 521), (445, 548), (445, 579), (450, 897), (505, 641), (505, 621), (507, 1210), (507, 597), (516, 1212), (516, 674), (521, 956), (521, 679), (538, 687), (538, 667), (548, 1210), (548, 594), (579, 614), (579, 596), (594, 756), (594, 758), (596, 830), (596, 1210), (597, 1210), (597, 819), (614, 759), (614, 760), (621, 852), (621, 1212), (667, 763), (667, 897), (679, 763), (679, 956), (687, 782), (687, 789), (707, 716), (707, 1116), (716, 744), (716, 1116), (744, 966), (744, 1116), (756, 1240), (756, 1210), (758, 1232), (758, 1210), (759, 1210), (760, 1210), (763, 956), (782, 897), (782, 899), (789, 897), (789, 931), (819, 1226), (819, 1210), (830, 948), (830, 1210), (897, 956), (899, 956), (899, 933), (966, 995), (966, 1116), (995, 1005), (995, 1116), (1005, 1033), (1005, 1116), (1024, 1184), (1033, 1041), (1033, 1116), (1041, 1071), (1041, 1116), (1071, 1077), (1071, 1116), (1077, 1098), (1077, 1116), (1098, 1108), (1098, 1116), (1108, 1122), (1108, 1116), (1116, 1156), (1116, 1157), (1156, 1163)]
	Crossbar: 4
	Rows: 124
	Columns: 192
	Nodes: [11, 26, 27, 59, 60, 73, 75, 107, 108, 124, 136, 137, 177, 178, 182, 188, 190, 191, 195, 203, 204, 242, 244, 265, 272, 273, 291, 307, 315, 338, 339, 356, 361, 362, 380, 408, 413, 415, 438, 472, 484, 490, 491, 492, 517, 532, 535, 544, 565, 573, 581, 582, 595, 611, 616, 660, 676, 684, 686, 692, 694, 723, 730, 738, 740, 741, 760, 766, 775, 779, 780, 781, 783, 790, 817, 831, 832, 844, 851, 854, 862, 863, 865, 880, 883, 889, 898, 900, 905, 919, 922, 924, 930, 964, 981, 989, 991, 1002, 1019, 1024, 1031, 1039, 1070, 1075, 1097, 1103, 1118, 1119, 1163, 1166, 1178, 1195, 1198, 1199, 1201, 1204, 1205, 1220, 1224, 1226, 1234, 1247, 1250, 1257]
	Edges: [(11, 26), (11, 177), (26, 59), (26, 177), (27, 60), (27, 182), (59, 73), (59, 177), (60, 75), (60, 182), (73, 107), (73, 177), (75, 108), (75, 182), (107, 177), (107, 136), (108, 182), (108, 137), (124, 244), (124, 723), (178, 195), (178, 1226), (188, 203), (188, 900), (190, 204), (190, 883), (191, 242), (191, 738), (195, 1226), (195, 315), (203, 900), (203, 272), (204, 883), (204, 273), (242, 738), (242, 307), (265, 362), (272, 900), (272, 338), (273, 883), (273, 339), (291, 889), (291, 361), (307, 738), (307, 380), (315, 408), (315, 1226), (338, 900), (338, 413), (339, 883), (339, 415), (356, 472), (361, 889), (361, 438), (362, 492), (362, 1220), (380, 738), (380, 491), (408, 1226), (408, 490), (413, 900), (413, 532), (415, 883), (415, 535), (438, 889), (438, 565), (472, 517), (472, 1024), (484, 1224), (484, 573), (490, 1226), (490, 581), (491, 544), (491, 738), (492, 1220), (492, 582), (517, 1024), (517, 611), (532, 692), (532, 900), (535, 694), (535, 883), (544, 738), (565, 616), (565, 889), (573, 1224), (573, 676), (581, 1226), (581, 684), (582, 1220), (582, 686), (595, 766), (595, 922), (611, 1024), (611, 780), (616, 889), (616, 775), (660, 851), (676, 1224), (676, 844), (684, 1226), (684, 832), (686, 1220), (686, 854), (692, 900), (692, 862), (694, 883), (694, 865), (730, 740), (730, 1163), (738, 1195), (738, 1178), (740, 981), (740, 1163), (741, 964), (741, 1119), (760, 905), (766, 922), (766, 919), (775, 889), (775, 1198), (779, 1205), (780, 1205), (781, 930), (783, 1205), (790, 880), (817, 898), (831, 1201), (832, 1226), (832, 919), (844, 1224), (844, 1205), (851, 1205), (854, 1220), (862, 900), (862, 924), (863, 1224), (865, 883), (865, 1204), (880, 1250), (880, 1199), (883, 1257), (883, 1247), (889, 1257), (889, 1247), (898, 1250), (900, 1257), (900, 1247), (905, 1250), (919, 1250), (924, 1257), (924, 1247), (930, 1257), (930, 1247), (964, 991), (964, 1119), (981, 989), (981, 1163), (989, 1019), (989, 1163), (991, 1002), (991, 1119), (1002, 1031), (1002, 1119), (1019, 1163), (1024, 1166), (1031, 1039), (1031, 1119), (1039, 1070), (1039, 1119), (1070, 1075), (1070, 1119), (1075, 1097), (1075, 1119), (1097, 1103), (1097, 1119), (1103, 1118), (1103, 1119), (1178, 1234), (1195, 1250), (1195, 1234), (1198, 1257), (1198, 1247), (1199, 1250), (1201, 1257), (1201, 1247), (1204, 1257), (1204, 1247), (1205, 1250), (1220, 1250), (1224, 1250), (1226, 1250)]
	Crossbar: 5
	Rows: 160
	Columns: 241
	Nodes: [9, 12, 24, 27, 57, 72, 88, 96, 109, 125, 144, 176, 182, 224, 239, 240, 254, 264, 266, 289, 304, 305, 317, 321, 334, 341, 357, 359, 376, 377, 389, 391, 405, 417, 420, 431, 433, 453, 454, 470, 488, 497, 502, 515, 539, 544, 561, 569, 571, 577, 589, 590, 607, 609, 615, 637, 639, 647, 658, 659, 669, 691, 697, 704, 708, 718, 724, 731, 738, 745, 764, 765, 769, 773, 791, 795, 796, 806, 808, 816, 829, 831, 849, 853, 854, 870, 871, 876, 881, 886, 887, 893, 913, 919, 932, 934, 956, 967, 975, 983, 1010, 1015, 1016, 1023, 1026, 1032, 1034, 1040, 1042, 1046, 1050, 1053, 1062, 1067, 1068, 1073, 1079, 1080, 1083, 1087, 1088, 1091, 1099, 1107, 1109, 1112, 1114, 1115, 1119, 1123, 1126, 1128, 1130, 1133, 1134, 1136, 1140, 1141, 1142, 1146, 1148, 1152, 1153, 1158, 1159, 1161, 1172, 1173, 1181, 1190, 1191, 1194, 1203, 1209, 1225, 1231, 1239, 1242, 1243, 1250]
	Edges: [(9, 24), (9, 1128), (12, 27), (12, 182), (24, 57), (24, 1128), (57, 72), (57, 1128), (72, 96), (72, 1128), (88, 109), (88, 1142), (96, 1128), (96, 697), (109, 1142), (109, 708), (125, 254), (125, 1209), (144, 240), (144, 934), (176, 264), (176, 876), (182, 224), (182, 956), (224, 956), (224, 289), (239, 304), (240, 934), (240, 305), (254, 1209), (254, 321), (264, 876), (264, 334), (266, 881), (289, 956), (289, 359), (304, 893), (304, 376), (305, 934), (305, 377), (317, 391), (321, 341), (321, 357), (334, 876), (334, 405), (341, 1209), (341, 417), (357, 431), (357, 433), (376, 893), (376, 453), (377, 934), (377, 454), (389, 886), (389, 470), (391, 704), (391, 420), (405, 876), (405, 488), (417, 1209), (417, 497), (420, 561), (420, 704), (431, 1209), (431, 515), (433, 539), (433, 571), (453, 893), (454, 934), (454, 569), (470, 886), (470, 502), (488, 876), (488, 577), (497, 1209), (497, 590), (502, 658), (502, 886), (515, 1209), (515, 609), (539, 1209), (539, 691), (544, 637), (561, 704), (561, 659), (569, 615), (569, 934), (571, 589), (577, 607), (589, 816), (589, 1209), (590, 1209), (590, 806), (607, 795), (607, 876), (609, 1209), (609, 808), (615, 829), (615, 934), (637, 738), (639, 791), (639, 1112), (647, 773), (658, 886), (658, 831), (659, 704), (659, 849), (669, 893), (691, 870), (691, 871), (697, 724), (697, 1114), (704, 1190), (704, 1172), (708, 718), (708, 1123), (718, 745), (718, 1123), (724, 731), (724, 1114), (731, 975), (731, 1114), (745, 967), (745, 1123), (764, 919), (765, 919), (769, 881), (773, 1225), (773, 913), (791, 1242), (791, 1203), (795, 1203), (796, 1243), (806, 1225), (806, 1209), (808, 1209), (816, 1209), (829, 934), (829, 932), (831, 886), (849, 1231), (849, 913), (853, 1203), (854, 1203), (870, 1239), (870, 1209), (871, 1231), (871, 1209), (876, 1250), (876, 887), (887, 1250), (934, 1250), (967, 1123), (975, 983), (975, 1114), (983, 1015), (983, 1114), (1010, 1034), (1010, 1123), (1015, 1023), (1015, 1114), (1016, 1026), (1023, 1050), (1023, 1114), (1026, 1053), (1026, 1046), (1032, 1040), (1034, 1042), (1034, 1123), (1040, 1067), (1040, 1068), (1042, 1073), (1042, 1123), (1046, 1159), (1050, 1062), (1050, 1114), (1053, 1158), (1053, 1181), (1062, 1083), (1062, 1114), (1067, 1087), (1067, 1080), (1068, 1088), (1068, 1080), (1073, 1079), (1073, 1123), (1079, 1099), (1079, 1123), (1083, 1091), (1083, 1114), (1088, 1158), (1088, 1159), (1091, 1107), (1091, 1114), (1099, 1109), (1099, 1123), (1107, 1126), (1107, 1114), (1109, 1115), (1109, 1123), (1112, 1191), (1112, 1173), (1114, 1136), (1114, 1128), (1115, 1130), (1115, 1142), (1119, 1133), (1119, 1148), (1123, 1142), (1126, 1134), (1126, 1128), (1128, 1181), (1130, 1141), (1130, 1142), (1133, 1140), (1133, 1148), (1134, 1146), (1134, 1161), (1136, 1158), (1136, 1159), (1140, 1153), (1140, 1148), (1141, 1152), (1141, 1161), (1146, 1152), (1152, 1181), (1153, 1158), (1153, 1159), (1158, 1181), (1159, 1161), (1172, 1231), (1173, 1242), (1190, 1250), (1190, 1231), (1191, 1250), (1191, 1242), (1194, 1250), (1209, 1250), (1225, 1250), (1231, 1250), (1243, 1250)]
	Crossbar: 6
	Rows: 144
	Columns: 219
	Nodes: [19, 34, 67, 82, 100, 115, 132, 141, 151, 152, 156, 157, 167, 168, 189, 192, 194, 202, 215, 216, 219, 228, 232, 252, 270, 280, 283, 284, 293, 297, 318, 329, 333, 336, 348, 352, 368, 378, 390, 392, 394, 406, 412, 425, 427, 441, 455, 468, 469, 473, 475, 489, 504, 511, 512, 526, 541, 558, 559, 560, 564, 578, 580, 600, 604, 610, 627, 633, 634, 650, 654, 656, 657, 662, 664, 665, 682, 702, 729, 739, 753, 754, 755, 763, 771, 772, 796, 798, 799, 808, 813, 814, 815, 817, 818, 826, 828, 833, 838, 841, 843, 851, 856, 857, 860, 866, 892, 927, 929, 932, 934, 944, 980, 986, 988, 1001, 1008, 1018, 1029, 1046, 1053, 1055, 1063, 1064, 1084, 1085, 1092, 1093, 1104, 1110, 1179, 1197, 1200, 1213, 1214, 1215, 1217, 1223, 1229, 1230, 1235, 1249, 1250, 1251]
	Edges: [(19, 34), (19, 157), (34, 67), (34, 157), (67, 82), (67, 157), (82, 115), (82, 157), (100, 702), (115, 157), (115, 152), (132, 202), (132, 1249), (141, 228), (141, 1217), (151, 232), (151, 944), (156, 216), (156, 1213), (167, 252), (167, 892), (168, 215), (168, 1215), (189, 194), (189, 1229), (192, 219), (192, 1230), (194, 1229), (194, 329), (202, 1249), (202, 270), (215, 1215), (215, 283), (216, 1213), (216, 284), (219, 1230), (219, 333), (228, 1217), (228, 293), (232, 944), (232, 297), (252, 892), (252, 318), (270, 1249), (270, 336), (280, 348), (283, 1215), (283, 390), (284, 378), (284, 394), (293, 1217), (297, 944), (297, 368), (318, 892), (318, 392), (329, 406), (329, 1229), (333, 352), (333, 1230), (336, 1249), (336, 412), (348, 929), (348, 425), (352, 1230), (352, 427), (378, 1213), (378, 455), (390, 468), (392, 892), (392, 473), (394, 469), (394, 475), (406, 1229), (406, 489), (412, 1249), (412, 558), (425, 929), (425, 564), (427, 1230), (427, 511), (441, 1251), (441, 526), (455, 1213), (455, 541), (468, 1215), (468, 559), (469, 1213), (469, 560), (473, 892), (473, 504), (475, 578), (475, 512), (489, 1229), (489, 580), (504, 662), (504, 892), (511, 1230), (511, 604), (512, 650), (512, 633), (526, 1251), (526, 654), (541, 1213), (541, 634), (558, 600), (558, 1249), (559, 1215), (559, 656), (560, 1213), (560, 657), (564, 929), (578, 1213), (578, 627), (580, 1229), (580, 682), (600, 753), (600, 1249), (604, 1230), (604, 754), (610, 772), (610, 929), (627, 796), (627, 798), (633, 860), (633, 1213), (634, 1213), (634, 856), (650, 799), (654, 851), (654, 1251), (656, 1215), (656, 755), (657, 1213), (657, 857), (662, 892), (662, 833), (664, 843), (665, 814), (665, 817), (682, 1229), (682, 841), (702, 729), (702, 1064), (729, 739), (729, 1064), (739, 980), (739, 1064), (753, 1249), (753, 1200), (754, 1230), (754, 932), (755, 1223), (755, 1215), (763, 932), (771, 1235), (771, 927), (772, 929), (772, 927), (796, 1213), (798, 1235), (798, 1213), (799, 929), (799, 1213), (808, 1217), (813, 1200), (814, 934), (814, 1214), (815, 1200), (817, 1214), (818, 1200), (826, 932), (828, 932), (838, 1249), (841, 1229), (841, 927), (843, 927), (851, 1251), (856, 1229), (856, 1213), (857, 1213), (860, 1213), (866, 1230), (866, 1214), (927, 1250), (980, 988), (980, 1064), (986, 1197), (986, 1179), (988, 1018), (988, 1064), (1001, 1008), (1008, 1053), (1008, 1046), (1018, 1029), (1018, 1064), (1029, 1055), (1029, 1064), (1055, 1063), (1055, 1064), (1063, 1084), (1063, 1104), (1064, 1085), (1064, 1104), (1084, 1092), (1084, 1104), (1085, 1093), (1085, 1104), (1092, 1110), (1092, 1104), (1093, 1104), (1179, 1235), (1197, 1250), (1197, 1235), (1200, 1250), (1213, 1250), (1223, 1250), (1229, 1250), (1230, 1250), (1235, 1250)]
	Crossbar: 7
	Rows: 135
	Columns: 204
	Nodes: [3, 13, 14, 20, 21, 23, 28, 29, 35, 36, 38, 42, 51, 61, 62, 68, 69, 71, 76, 77, 83, 84, 86, 90, 93, 98, 101, 102, 105, 110, 116, 118, 142, 147, 154, 164, 166, 169, 173, 213, 217, 225, 239, 247, 249, 281, 290, 293, 311, 314, 325, 345, 349, 388, 390, 393, 399, 403, 416, 440, 463, 471, 480, 486, 508, 509, 519, 525, 546, 574, 576, 619, 625, 642, 649, 652, 653, 660, 671, 681, 696, 700, 709, 719, 720, 736, 749, 750, 751, 761, 762, 764, 774, 778, 785, 821, 822, 823, 824, 827, 833, 840, 850, 858, 863, 875, 882, 885, 892, 893, 894, 908, 912, 913, 918, 936, 940, 945, 960, 1066, 1076, 1080, 1169, 1181, 1187, 1206, 1212, 1215, 1216, 1217, 1240, 1247, 1250, 1255, 1257]
	Edges: [(3, 42), (3, 169), (13, 28), (13, 720), (14, 29), (14, 173), (20, 35), (20, 1066), (21, 36), (21, 700), (23, 38), (23, 1080), (28, 61), (28, 720), (29, 62), (29, 173), (35, 68), (35, 1066), (36, 69), (36, 700), (38, 71), (38, 1080), (42, 51), (42, 169), (51, 90), (51, 169), (61, 76), (61, 720), (62, 77), (62, 173), (68, 83), (68, 1066), (69, 84), (69, 700), (71, 86), (71, 1080), (76, 116), (76, 720), (77, 110), (77, 173), (83, 98), (83, 1066), (84, 101), (84, 700), (86, 102), (86, 1080), (90, 105), (90, 169), (93, 118), (93, 736), (98, 1066), (101, 700), (102, 1080), (110, 173), (110, 142), (116, 720), (116, 696), (118, 736), (118, 709), (142, 239), (142, 893), (147, 247), (147, 1212), (154, 217), (154, 750), (164, 249), (164, 908), (166, 213), (166, 1076), (173, 225), (173, 960), (213, 1076), (213, 281), (217, 749), (217, 751), (225, 960), (225, 290), (239, 893), (247, 1212), (247, 311), (249, 908), (249, 314), (281, 1076), (281, 349), (293, 393), (311, 403), (311, 345), (314, 908), (314, 388), (325, 399), (345, 416), (349, 1076), (349, 463), (388, 908), (390, 471), (393, 440), (393, 1217), (399, 885), (399, 480), (403, 1212), (403, 486), (416, 1212), (440, 1217), (440, 525), (463, 508), (463, 1076), (471, 576), (471, 509), (480, 885), (480, 519), (486, 1212), (486, 574), (508, 1076), (508, 652), (509, 649), (509, 653), (519, 671), (519, 660), (525, 1217), (525, 619), (546, 1216), (546, 642), (574, 1212), (574, 681), (576, 1215), (576, 625), (619, 1217), (619, 778), (625, 821), (625, 822), (642, 1216), (642, 863), (649, 824), (649, 827), (652, 764), (652, 1076), (653, 761), (653, 1215), (660, 885), (671, 885), (671, 840), (681, 1212), (681, 774), (696, 720), (700, 1181), (709, 719), (709, 736), (719, 736), (720, 1181), (736, 1181), (749, 1257), (749, 823), (750, 1257), (751, 762), (761, 960), (761, 1215), (762, 1257), (762, 1247), (764, 1240), (774, 1212), (778, 1217), (778, 913), (785, 893), (821, 1215), (822, 1215), (823, 1250), (824, 940), (824, 1215), (827, 894), (827, 1215), (833, 892), (833, 936), (840, 885), (840, 1206), (850, 913), (858, 918), (863, 1216), (875, 1257), (875, 882), (882, 1257), (882, 945), (892, 1257), (892, 1247), (893, 960), (894, 1250), (908, 1247), (912, 1247), (918, 1257), (918, 1247), (936, 1257), (936, 1247), (940, 1250), (1066, 1181), (1076, 1187), (1076, 1169), (1080, 1181), (1169, 1240), (1187, 1250), (1187, 1240), (1215, 1250), (1217, 1250), (1240, 1250), (1247, 1257), (1255, 1257)]
	Crossbar: 8
	Rows: 152
	Columns: 239
	Nodes: [1, 39, 49, 88, 123, 129, 137, 140, 149, 157, 172, 177, 199, 211, 220, 223, 234, 237, 241, 258, 262, 268, 277, 279, 288, 299, 302, 303, 306, 320, 326, 331, 343, 347, 354, 355, 358, 367, 370, 372, 374, 375, 379, 396, 400, 423, 428, 429, 430, 434, 437, 447, 448, 452, 456, 458, 503, 506, 513, 514, 518, 523, 530, 533, 543, 572, 598, 605, 606, 613, 628, 632, 636, 646, 666, 672, 685, 757, 769, 779, 797, 800, 810, 813, 821, 822, 835, 836, 837, 839, 843, 845, 859, 869, 877, 879, 890, 891, 897, 906, 907, 920, 921, 923, 931, 932, 933, 935, 938, 946, 947, 948, 952, 954, 955, 956, 1058, 1082, 1089, 1090, 1102, 1106, 1117, 1122, 1131, 1138, 1142, 1144, 1150, 1151, 1154, 1155, 1162, 1163, 1167, 1171, 1183, 1185, 1188, 1189, 1202, 1210, 1211, 1219, 1222, 1223, 1227, 1237, 1241, 1245, 1246, 1250]
	Edges: [(1, 39), (1, 1142), (39, 49), (39, 1142), (49, 88), (49, 1142), (123, 211), (123, 1222), (129, 262), (129, 1210), (137, 237), (137, 897), (140, 258), (140, 1151), (149, 241), (149, 1223), (157, 234), (157, 948), (172, 199), (172, 1211), (177, 223), (177, 952), (199, 1211), (199, 268), (211, 1222), (211, 279), (220, 320), (223, 952), (223, 288), (234, 948), (234, 299), (237, 897), (237, 302), (241, 1223), (241, 306), (258, 1151), (258, 326), (262, 1210), (262, 331), (268, 354), (268, 379), (277, 1102), (277, 343), (279, 1222), (279, 372), (288, 952), (288, 358), (299, 948), (299, 370), (302, 897), (302, 374), (303, 879), (303, 375), (306, 1223), (306, 396), (320, 355), (320, 1227), (326, 1151), (326, 400), (331, 347), (331, 367), (343, 1102), (343, 458), (354, 1211), (354, 429), (355, 1227), (355, 430), (358, 952), (358, 434), (367, 437), (370, 948), (370, 447), (372, 423), (372, 1222), (374, 897), (375, 879), (375, 452), (379, 448), (396, 456), (396, 1223), (400, 1151), (400, 428), (423, 1222), (423, 506), (428, 572), (428, 1151), (429, 1211), (429, 513), (430, 1227), (430, 514), (434, 952), (434, 518), (437, 1210), (437, 523), (447, 948), (447, 530), (448, 1211), (448, 533), (452, 879), (456, 1223), (456, 543), (458, 503), (458, 1102), (503, 1102), (503, 646), (506, 1222), (506, 598), (513, 1211), (513, 605), (514, 1227), (514, 606), (518, 952), (518, 672), (523, 1210), (530, 948), (530, 632), (533, 1211), (533, 628), (543, 1223), (543, 636), (572, 1151), (572, 613), (598, 1222), (598, 757), (605, 1211), (605, 835), (606, 1227), (613, 779), (613, 1151), (628, 1211), (628, 836), (632, 837), (632, 948), (636, 1223), (636, 800), (646, 813), (646, 1102), (666, 769), (666, 1211), (672, 843), (672, 952), (685, 839), (757, 1222), (757, 932), (769, 1211), (779, 1246), (797, 906), (797, 907), (800, 1223), (800, 938), (810, 920), (813, 1241), (821, 1245), (822, 1237), (835, 1227), (835, 1211), (836, 1219), (836, 1211), (837, 948), (839, 891), (839, 1211), (843, 952), (845, 877), (859, 1245), (859, 938), (869, 1222), (877, 1250), (877, 1202), (879, 1250), (879, 890), (890, 1250), (891, 1250), (897, 935), (906, 948), (906, 923), (907, 948), (907, 921), (920, 948), (920, 923), (921, 947), (921, 946), (923, 947), (923, 946), (931, 956), (931, 935), (932, 1250), (933, 955), (933, 954), (935, 955), (935, 954), (938, 1250), (946, 1250), (946, 948), (947, 948), (947, 1250), (948, 1250), (954, 1250), (954, 956), (955, 956), (955, 1250), (1058, 1089), (1082, 1090), (1082, 1154), (1089, 1163), (1090, 1106), (1090, 1154), (1102, 1189), (1102, 1171), (1106, 1117), (1106, 1154), (1117, 1131), (1117, 1154), (1122, 1131), (1122, 1155), (1131, 1138), (1131, 1154), (1138, 1150), (1138, 1154), (1144, 1185), (1144, 1167), (1150, 1154), (1154, 1163), (1155, 1162), (1163, 1183), (1167, 1245), (1171, 1241), (1183, 1250), (1185, 1250), (1185, 1245), (1188, 1250), (1188, 1237), (1189, 1250), (1189, 1241), (1202, 1250), (1210, 1250), (1222, 1250), (1227, 1250), (1237, 1250), (1245, 1250)]
	Crossbar: 9
	Rows: 159
	Columns: 217
	Nodes: [5, 16, 30, 44, 53, 63, 78, 92, 100, 101, 111, 112, 120, 130, 136, 143, 146, 162, 163, 165, 179, 183, 187, 201, 209, 227, 230, 233, 235, 238, 250, 256, 271, 277, 292, 295, 300, 303, 316, 324, 337, 363, 365, 371, 374, 382, 389, 398, 402, 411, 442, 449, 450, 462, 476, 479, 501, 524, 531, 534, 538, 555, 564, 567, 568, 571, 577, 599, 603, 610, 612, 618, 622, 635, 640, 650, 664, 678, 683, 689, 695, 698, 725, 730, 734, 776, 780, 781, 788, 801, 803, 804, 807, 809, 845, 858, 861, 864, 868, 873, 874, 876, 879, 884, 886, 896, 901, 902, 903, 904, 916, 925, 938, 940, 976, 999, 1000, 1001, 1004, 1006, 1009, 1011, 1013, 1020, 1021, 1036, 1037, 1038, 1043, 1048, 1056, 1065, 1072, 1086, 1094, 1095, 1102, 1104, 1135, 1162, 1166, 1170, 1181, 1184, 1188, 1196, 1209, 1213, 1216, 1237, 1238, 1244, 1246, 1247, 1248, 1249, 1250, 1256, 1257]
	Edges: [(5, 44), (5, 163), (16, 30), (16, 1104), (30, 63), (30, 1104), (44, 53), (44, 163), (53, 92), (53, 163), (63, 78), (63, 1104), (78, 100), (78, 1104), (92, 112), (92, 163), (100, 1104), (101, 695), (111, 1095), (112, 163), (112, 120), (120, 146), (120, 163), (130, 256), (130, 940), (136, 235), (136, 901), (143, 230), (143, 896), (146, 238), (146, 879), (162, 209), (162, 1102), (165, 250), (165, 886), (179, 227), (179, 1009), (183, 233), (183, 1043), (187, 201), (187, 904), (201, 904), (201, 271), (209, 1102), (209, 277), (227, 1009), (227, 292), (230, 896), (230, 295), (235, 901), (235, 300), (238, 879), (238, 303), (250, 886), (250, 316), (256, 940), (256, 324), (271, 904), (271, 337), (292, 1009), (292, 363), (295, 896), (295, 365), (300, 901), (300, 371), (316, 886), (316, 389), (324, 940), (324, 398), (337, 904), (337, 411), (363, 1009), (363, 476), (365, 896), (365, 442), (371, 901), (371, 449), (374, 450), (382, 462), (398, 940), (398, 479), (402, 916), (411, 904), (411, 531), (442, 896), (442, 567), (449, 901), (449, 534), (450, 538), (462, 568), (462, 501), (476, 524), (476, 1009), (479, 940), (479, 555), (501, 635), (501, 640), (524, 1009), (524, 618), (531, 689), (531, 904), (534, 683), (534, 664), (555, 599), (555, 940), (564, 610), (567, 622), (567, 896), (568, 1216), (568, 612), (571, 603), (577, 678), (599, 864), (599, 940), (603, 873), (603, 874), (612, 803), (612, 804), (618, 1009), (618, 861), (622, 896), (622, 781), (635, 807), (635, 809), (640, 868), (640, 1216), (650, 801), (664, 901), (678, 876), (678, 845), (683, 776), (683, 788), (689, 904), (689, 858), (695, 730), (695, 1162), (698, 725), (698, 1001), (725, 734), (725, 1001), (734, 976), (734, 1001), (776, 901), (776, 902), (780, 1238), (781, 896), (788, 901), (788, 925), (801, 903), (801, 1213), (803, 1246), (803, 1216), (804, 1238), (804, 1216), (807, 1248), (807, 1216), (809, 884), (809, 1216), (845, 876), (858, 904), (861, 1237), (861, 938), (864, 940), (864, 938), (868, 1216), (873, 916), (873, 1209), (874, 1209), (884, 1250), (886, 1257), (886, 1247), (896, 1257), (896, 1247), (903, 1250), (904, 1257), (904, 1247), (976, 1000), (976, 1001), (999, 1013), (1000, 1004), (1000, 1011), (1001, 1011), (1004, 1020), (1004, 1048), (1006, 1021), (1009, 1188), (1009, 1170), (1011, 1181), (1013, 1036), (1013, 1072), (1020, 1038), (1020, 1037), (1021, 1038), (1021, 1048), (1036, 1056), (1036, 1072), (1037, 1181), (1038, 1181), (1056, 1065), (1056, 1072), (1065, 1086), (1065, 1095), (1086, 1094), (1086, 1095), (1095, 1181), (1104, 1181), (1135, 1196), (1166, 1238), (1170, 1237), (1184, 1250), (1184, 1238), (1196, 1250), (1196, 1244), (1238, 1250), (1244, 1250), (1249, 1256), (1256, 1257)]
	Crossbar: 10
	Rows: 107
	Columns: 167
	Nodes: [18, 33, 66, 81, 105, 114, 122, 134, 139, 145, 151, 159, 169, 205, 212, 229, 243, 257, 263, 274, 280, 294, 308, 325, 332, 340, 364, 368, 381, 404, 432, 441, 444, 451, 460, 467, 495, 499, 528, 550, 575, 620, 623, 639, 655, 677, 693, 717, 719, 733, 787, 794, 802, 816, 825, 847, 859, 868, 885, 908, 910, 911, 912, 913, 914, 915, 917, 929, 942, 943, 944, 945, 949, 953, 957, 961, 963, 973, 974, 977, 990, 1014, 1022, 1038, 1048, 1049, 1060, 1074, 1081, 1082, 1087, 1094, 1101, 1105, 1112, 1144, 1154, 1155, 1160, 1161, 1206, 1207, 1250, 1251, 1253, 1254, 1257]
	Edges: [(18, 33), (18, 151), (33, 66), (33, 151), (66, 81), (66, 151), (81, 114), (81, 151), (105, 169), (105, 122), (114, 151), (122, 134), (122, 169), (134, 257), (134, 885), (139, 212), (139, 929), (145, 263), (145, 1144), (159, 205), (159, 1112), (169, 229), (169, 1251), (205, 1112), (205, 274), (212, 929), (212, 280), (229, 1251), (229, 294), (243, 910), (243, 308), (257, 885), (257, 325), (263, 1144), (263, 332), (274, 1112), (274, 340), (280, 929), (294, 1251), (294, 364), (308, 910), (308, 381), (325, 885), (332, 1144), (332, 404), (340, 1112), (340, 451), (364, 1251), (364, 441), (368, 944), (368, 444), (381, 910), (381, 460), (404, 1144), (404, 432), (432, 575), (432, 1144), (444, 944), (444, 528), (451, 495), (451, 1112), (460, 910), (460, 550), (467, 908), (467, 499), (495, 1112), (495, 639), (499, 655), (499, 908), (528, 944), (528, 623), (550, 693), (550, 677), (575, 1144), (575, 620), (620, 859), (620, 1144), (623, 787), (623, 944), (655, 908), (655, 825), (677, 787), (677, 910), (693, 794), (693, 802), (717, 973), (719, 733), (733, 963), (733, 973), (787, 944), (787, 913), (794, 910), (794, 911), (802, 910), (802, 914), (816, 944), (825, 908), (825, 912), (847, 913), (868, 1251), (885, 1251), (885, 1250), (908, 1257), (910, 944), (910, 917), (911, 944), (911, 915), (912, 1257), (913, 1250), (914, 944), (914, 917), (915, 943), (915, 942), (917, 943), (917, 942), (929, 1250), (942, 1250), (942, 944), (943, 944), (943, 1250), (944, 1250), (945, 1257), (945, 949), (949, 1257), (949, 953), (953, 1257), (953, 957), (957, 1257), (957, 961), (961, 1257), (961, 1254), (973, 1161), (974, 990), (977, 1160), (977, 1161), (990, 1014), (990, 1155), (1014, 1022), (1014, 1154), (1022, 1049), (1022, 1154), (1038, 1074), (1048, 1161), (1049, 1060), (1049, 1154), (1060, 1082), (1060, 1154), (1074, 1081), (1074, 1160), (1081, 1101), (1081, 1160), (1087, 1101), (1087, 1161), (1094, 1105), (1094, 1161), (1101, 1105), (1101, 1160), (1105, 1160), (1154, 1160), (1155, 1161), (1206, 1251), (1206, 1250), (1207, 1250), (1250, 1257), (1251, 1254), (1253, 1257), (1254, 1257)]
	Crossbar: 11
	Rows: 127
	Columns: 201
	Nodes: [98, 128, 135, 170, 214, 218, 233, 259, 282, 285, 298, 327, 350, 351, 369, 379, 401, 426, 457, 466, 481, 483, 510, 529, 545, 552, 557, 563, 595, 601, 608, 624, 637, 641, 661, 666, 674, 685, 696, 699, 706, 715, 717, 726, 732, 735, 743, 759, 767, 768, 784, 786, 792, 812, 828, 838, 846, 847, 848, 855, 860, 874, 888, 901, 902, 909, 922, 925, 926, 928, 950, 951, 952, 962, 963, 974, 978, 979, 982, 985, 993, 998, 1007, 1012, 1017, 1025, 1027, 1035, 1037, 1043, 1044, 1047, 1051, 1052, 1058, 1059, 1061, 1074, 1110, 1125, 1147, 1151, 1156, 1157, 1160, 1161, 1162, 1164, 1165, 1168, 1180, 1181, 1182, 1186, 1203, 1208, 1211, 1212, 1234, 1236, 1239, 1241, 1242, 1246, 1250, 1252, 1255]
	Edges: [(98, 699), (128, 214), (128, 922), (135, 259), (135, 1252), (170, 218), (170, 1061), (214, 922), (214, 282), (218, 1061), (218, 285), (233, 1043), (233, 298), (259, 1252), (259, 327), (282, 922), (282, 350), (285, 1061), (285, 351), (298, 1043), (298, 369), (327, 1252), (327, 401), (350, 922), (350, 426), (351, 1061), (351, 466), (369, 1043), (369, 481), (379, 457), (401, 1252), (401, 483), (426, 922), (426, 552), (457, 557), (457, 545), (466, 510), (466, 1061), (481, 529), (481, 1043), (483, 1252), (483, 563), (510, 1061), (510, 661), (529, 1043), (529, 624), (545, 685), (545, 666), (552, 595), (552, 922), (557, 1211), (557, 601), (563, 608), (563, 1252), (601, 767), (601, 768), (608, 855), (608, 1252), (624, 1043), (624, 828), (637, 792), (641, 784), (641, 786), (661, 847), (661, 1061), (674, 846), (674, 848), (685, 838), (696, 717), (699, 726), (699, 1059), (706, 715), (706, 982), (715, 743), (715, 982), (717, 732), (726, 735), (726, 1059), (732, 963), (732, 962), (735, 979), (735, 1059), (743, 974), (743, 982), (759, 922), (767, 1241), (767, 1211), (768, 1211), (784, 1252), (784, 1212), (786, 888), (786, 1212), (792, 1234), (792, 1203), (812, 1236), (828, 1236), (838, 1211), (846, 1242), (846, 1212), (847, 1239), (848, 1234), (848, 1212), (855, 1252), (855, 1203), (860, 952), (874, 909), (888, 1250), (901, 952), (901, 928), (902, 952), (902, 926), (909, 1250), (922, 1250), (925, 952), (925, 928), (926, 951), (926, 950), (928, 951), (928, 950), (950, 1250), (950, 952), (951, 952), (951, 1250), (952, 1250), (962, 1160), (962, 1181), (963, 998), (963, 1181), (974, 982), (978, 998), (978, 1161), (979, 985), (979, 1059), (982, 1156), (982, 1157), (985, 1017), (985, 1059), (993, 1007), (998, 1012), (998, 1160), (1007, 1025), (1007, 1051), (1012, 1035), (1012, 1160), (1017, 1027), (1017, 1059), (1025, 1052), (1025, 1051), (1027, 1044), (1027, 1059), (1035, 1047), (1035, 1160), (1037, 1160), (1043, 1164), (1043, 1180), (1044, 1058), (1044, 1059), (1047, 1074), (1047, 1160), (1051, 1160), (1051, 1161), (1052, 1074), (1052, 1161), (1058, 1162), (1059, 1156), (1059, 1157), (1061, 1186), (1061, 1168), (1110, 1125), (1110, 1161), (1125, 1160), (1147, 1181), (1147, 1161), (1151, 1182), (1151, 1165), (1156, 1181), (1157, 1162), (1160, 1181), (1161, 1181), (1162, 1250), (1164, 1250), (1164, 1236), (1165, 1246), (1168, 1239), (1180, 1236), (1181, 1250), (1182, 1250), (1182, 1246), (1186, 1250), (1186, 1239), (1203, 1250), (1208, 1250), (1211, 1250), (1212, 1250), (1234, 1250), (1236, 1250), (1239, 1250), (1241, 1250), (1242, 1250), (1246, 1250), (1252, 1255)]
