Benchmark: seq
Inputs: 41
Outputs: 35
BDD type: SBDD
BDD construct time (s): 0.45793652534484863
	Output variables: f0, f1, f2, f3, f4, f5, f6, f7, f8, f9, f10, f11, f12, f13, f14, f15, f16, f17, f18, f19, f20, f21, f22, f23, f24, f25, f26, f27, f28, f29, f30, f31, f32, f33, f34
	Nodes: 1302
	Edges: 2600
	BDD show time (s): 0.12926769256591797
Partition alpha: 0.5
Partition D: 1024
Partition K: 3
Partition ILP time (s): 3602.3927989006042
Partition status: Optimal
Partition objective S: 675.0
N: 3
I: 1347
Roots: [0, 1, 2, 3, 4, 5, 6, 7, 8, 9, 10, 11, 12, 13, 14, 15, 16, 17, 18, 19, 20, 21, 22, 23, 24, 25, 26, 27, 28, 29, 30, 31, 32, 33, 34]
Terminal: [1300]
Gap (%): 3.05
	Crossbar: 0
	Rows: 689
	Columns: 1019
	Nodes: [0, 3, 4, 5, 6, 7, 9, 10, 11, 12, 13, 14, 15, 17, 18, 19, 20, 21, 23, 24, 25, 26, 29, 33, 34, 35, 37, 38, 39, 40, 41, 42, 43, 44, 45, 46, 49, 50, 51, 52, 55, 58, 59, 60, 62, 63, 65, 67, 68, 69, 70, 72, 73, 74, 75, 76, 77, 79, 80, 82, 83, 84, 85, 86, 88, 90, 91, 92, 93, 94, 95, 97, 98, 100, 101, 102, 105, 106, 108, 109, 110, 111, 112, 113, 115, 116, 118, 119, 120, 121, 122, 123, 125, 129, 131, 132, 135, 136, 137, 138, 139, 140, 141, 142, 144, 146, 147, 148, 149, 150, 151, 152, 155, 156, 157, 158, 159, 161, 162, 163, 165, 167, 168, 169, 170, 172, 173, 174, 175, 176, 177, 179, 180, 181, 182, 184, 188, 189, 191, 193, 194, 195, 196, 197, 198, 200, 202, 203, 204, 205, 207, 208, 209, 211, 212, 213, 214, 215, 216, 217, 218, 219, 221, 222, 223, 224, 225, 226, 227, 228, 229, 231, 232, 233, 234, 235, 237, 239, 241, 243, 244, 245, 247, 249, 250, 251, 252, 253, 254, 255, 257, 259, 260, 262, 263, 265, 266, 268, 269, 270, 271, 275, 278, 279, 281, 282, 284, 285, 286, 288, 289, 296, 310, 311, 312, 313, 315, 317, 318, 320, 323, 324, 325, 328, 330, 331, 333, 335, 336, 337, 338, 340, 341, 345, 346, 348, 350, 352, 353, 354, 355, 356, 358, 360, 362, 363, 364, 365, 367, 368, 375, 378, 379, 380, 381, 382, 383, 384, 386, 387, 390, 391, 392, 393, 395, 396, 397, 398, 399, 401, 404, 407, 408, 409, 410, 411, 413, 414, 416, 417, 418, 420, 422, 423, 424, 427, 428, 429, 432, 433, 434, 435, 436, 437, 438, 439, 440, 441, 442, 443, 444, 445, 446, 447, 448, 449, 450, 452, 455, 457, 459, 460, 461, 462, 464, 467, 469, 470, 471, 472, 473, 474, 478, 479, 481, 485, 486, 488, 489, 490, 492, 493, 494, 496, 497, 498, 499, 500, 502, 504, 506, 508, 509, 510, 512, 513, 514, 516, 517, 519, 522, 528, 529, 530, 531, 534, 538, 540, 542, 543, 545, 546, 547, 548, 549, 552, 553, 554, 555, 558, 559, 562, 564, 565, 566, 567, 569, 571, 572, 573, 574, 575, 576, 577, 578, 579, 580, 581, 583, 585, 586, 587, 588, 590, 595, 597, 599, 600, 601, 602, 605, 608, 611, 612, 614, 616, 617, 619, 622, 623, 624, 628, 629, 630, 633, 635, 637, 638, 640, 641, 642, 644, 646, 648, 649, 650, 651, 653, 656, 657, 658, 659, 662, 664, 666, 667, 670, 673, 674, 675, 676, 677, 678, 679, 680, 681, 683, 688, 689, 691, 694, 695, 696, 697, 700, 701, 702, 706, 708, 709, 711, 712, 713, 715, 718, 720, 722, 723, 724, 725, 726, 728, 732, 733, 735, 738, 739, 740, 741, 744, 745, 746, 747, 748, 750, 755, 756, 758, 759, 760, 761, 763, 766, 769, 771, 773, 774, 776, 777, 780, 781, 782, 785, 786, 787, 790, 793, 797, 798, 799, 802, 803, 806, 809, 810, 811, 820, 821, 822, 823, 824, 825, 826, 829, 831, 833, 835, 839, 840, 844, 845, 848, 850, 851, 852, 855, 857, 859, 861, 862, 866, 868, 869, 874, 877, 880, 885, 886, 887, 888, 891, 895, 896, 905, 906, 907, 908, 910, 916, 922, 927, 929, 930, 932, 933, 934, 935, 936, 937, 938, 940, 942, 943, 944, 947, 948, 951, 952, 953, 957, 960, 963, 964, 967, 968, 970, 973, 975, 976, 982, 983, 985, 986, 988, 992, 994, 997, 999, 1001, 1005, 1006, 1007, 1008, 1010, 1011, 1012, 1013, 1014, 1015, 1016, 1017, 1018, 1019, 1020, 1021, 1022, 1023, 1024, 1025, 1026, 1027, 1028, 1029, 1030, 1031, 1032, 1033, 1034, 1035, 1036, 1037, 1038, 1039, 1040, 1042, 1044, 1047, 1048, 1049, 1050, 1051, 1052, 1054, 1055, 1056, 1058, 1059, 1060, 1062, 1064, 1066, 1069, 1071, 1074, 1076, 1077, 1079, 1080, 1082, 1084, 1085, 1087, 1092, 1093, 1096, 1106, 1109, 1110, 1114, 1121, 1138, 1144, 1160, 1161, 1190, 1217, 1233, 1234, 1251, 1257, 1266, 1292, 1293, 1295, 1296, 1297, 1298, 1299, 1300]
	Edges: [(0, 37), (3, 62), (4, 55), (5, 69), (6, 40), (7, 58), (9, 63), (10, 68), (11, 65), (12, 52), (13, 39), (14, 42), (15, 41), (17, 46), (18, 43), (19, 67), (20, 44), (21, 60), (23, 35), (24, 45), (25, 59), (26, 38), (26, 95), (29, 50), (33, 49), (34, 51), (35, 102), (37, 1300), (37, 90), (38, 1300), (38, 92), (39, 70), (40, 74), (41, 1300), (41, 97), (42, 75), (43, 76), (44, 80), (45, 79), (46, 1300), (46, 98), (49, 84), (50, 85), (51, 1300), (51, 101), (52, 86), (55, 88), (58, 91), (59, 93), (60, 94), (62, 1300), (62, 72), (63, 1300), (63, 73), (65, 1300), (65, 77), (67, 1300), (67, 82), (68, 1300), (68, 83), (69, 100), (70, 139), (72, 123), (73, 115), (74, 113), (75, 111), (76, 112), (77, 122), (79, 138), (80, 125), (82, 119), (83, 121), (84, 132), (85, 118), (86, 129), (88, 108), (90, 116), (91, 140), (92, 110), (93, 120), (94, 106), (95, 1300), (97, 109), (98, 131), (100, 137), (101, 136), (102, 105), (105, 196), (105, 169), (106, 144), (106, 146), (108, 147), (108, 148), (109, 175), (109, 174), (110, 195), (110, 177), (111, 162), (111, 149), (112, 167), (112, 172), (113, 141), (113, 189), (115, 202), (115, 181), (116, 165), (116, 200), (118, 179), (119, 155), (119, 176), (120, 151), (121, 173), (121, 168), (122, 170), (122, 182), (123, 159), (123, 152), (125, 150), (125, 180), (129, 161), (129, 184), (131, 194), (131, 157), (132, 191), (132, 203), (135, 163), (135, 197), (136, 193), (136, 200), (137, 198), (138, 147), (138, 188), (139, 142), (139, 158), (140, 156), (140, 204), (141, 208), (142, 266), (142, 234), (144, 269), (146, 228), (146, 245), (147, 265), (148, 231), (148, 259), (149, 215), (149, 235), (150, 205), (151, 214), (151, 237), (152, 216), (152, 247), (155, 281), (156, 270), (157, 209), (157, 279), (158, 278), (158, 226), (159, 266), (159, 257), (161, 217), (162, 266), (162, 241), (163, 266), (163, 255), (165, 254), (167, 266), (167, 213), (168, 278), (168, 253), (169, 243), (169, 251), (170, 266), (170, 275), (172, 227), (173, 234), (174, 284), (174, 218), (175, 225), (176, 239), (177, 282), (179, 221), (179, 222), (180, 252), (181, 224), (181, 207), (182, 229), (182, 211), (184, 260), (188, 231), (189, 219), (189, 223), (191, 285), (193, 288), (194, 232), (195, 249), (196, 286), (197, 233), (197, 271), (198, 263), (200, 251), (202, 262), (203, 228), (203, 250), (204, 244), (204, 289), (205, 346), (205, 428), (207, 386), (208, 384), (208, 310), (209, 363), (211, 417), (212, 398), (212, 312), (213, 427), (213, 378), (214, 333), (215, 315), (216, 311), (217, 380), (217, 318), (218, 323), (219, 381), (221, 360), (222, 350), (223, 382), (224, 345), (225, 411), (225, 358), (226, 416), (226, 296), (227, 408), (228, 330), (229, 413), (231, 335), (232, 365), (232, 317), (233, 390), (234, 429), (234, 396), (235, 362), (235, 296), (237, 383), (239, 382), (241, 341), (241, 368), (243, 422), (244, 414), (245, 362), (247, 392), (249, 352), (249, 424), (250, 331), (251, 354), (252, 410), (253, 324), (253, 296), (254, 356), (255, 420), (255, 399), (257, 340), (257, 391), (259, 409), (260, 348), (262, 337), (262, 328), (263, 387), (265, 338), (265, 368), (266, 379), (268, 375), (268, 423), (269, 320), (270, 325), (270, 364), (271, 336), (275, 418), (275, 395), (278, 353), (279, 367), (281, 317), (282, 407), (284, 397), (285, 368), (286, 355), (286, 404), (288, 393), (289, 401), (310, 497), (310, 500), (311, 448), (311, 529), (312, 514), (312, 460), (313, 542), (313, 590), (315, 512), (317, 473), (318, 470), (318, 493), (320, 616), (323, 534), (323, 576), (324, 578), (324, 612), (325, 623), (325, 435), (328, 601), (328, 502), (330, 464), (331, 508), (331, 479), (333, 490), (333, 442), (335, 467), (336, 478), (336, 522), (337, 547), (337, 436), (338, 810), (340, 547), (340, 432), (341, 810), (341, 616), (345, 472), (345, 619), (346, 683), (346, 433), (348, 474), (348, 600), (350, 599), (352, 579), (352, 489), (353, 622), (353, 455), (354, 542), (354, 630), (355, 485), (355, 608), (356, 498), (358, 577), (358, 447), (360, 517), (360, 630), (362, 504), (362, 629), (363, 517), (363, 452), (364, 574), (364, 552), (365, 547), (367, 540), (367, 519), (368, 602), (375, 628), (375, 434), (378, 555), (379, 542), (380, 588), (380, 642), (381, 616), (382, 586), (383, 441), (383, 437), (384, 549), (386, 471), (386, 554), (387, 573), (390, 450), (390, 564), (391, 469), (391, 473), (392, 605), (392, 553), (393, 490), (395, 509), (395, 457), (396, 571), (397, 624), (397, 585), (398, 565), (398, 595), (399, 461), (399, 575), (401, 543), (401, 546), (404, 573), (407, 528), (407, 611), (408, 622), (408, 559), (409, 449), (409, 492), (410, 486), (410, 496), (411, 513), (411, 440), (413, 567), (413, 494), (414, 538), (414, 531), (416, 459), (416, 629), (417, 597), (417, 562), (418, 583), (418, 572), (420, 545), (420, 481), (422, 462), (422, 614), (423, 569), (423, 548), (424, 580), (424, 499), (427, 587), (428, 617), (428, 506), (429, 810), (429, 558), (432, 642), (432, 438), (433, 558), (433, 440), (434, 439), (434, 490), (435, 443), (435, 530), (436, 490), (436, 439), (437, 488), (437, 446), (438, 642), (438, 516), (439, 490), (440, 558), (440, 566), (441, 581), (441, 444), (442, 452), (442, 445), (443, 530), (443, 510), (444, 581), (445, 452), (445, 630), (446, 488), (447, 758), (447, 641), (448, 833), (448, 835), (449, 679), (450, 711), (450, 1300), (452, 823), (455, 689), (455, 709), (457, 829), (457, 845), (459, 637), (459, 674), (460, 790), (460, 674), (461, 712), (461, 763), (462, 662), (464, 756), (467, 802), (467, 708), (469, 641), (470, 700), (471, 644), (471, 738), (472, 697), (472, 835), (473, 635), (474, 833), (474, 641), (478, 744), (478, 829), (479, 780), (481, 642), (481, 771), (485, 675), (485, 787), (486, 648), (486, 932), (488, 680), (489, 641), (489, 774), (490, 642), (492, 640), (493, 799), (494, 658), (494, 713), (496, 803), (496, 718), (497, 798), (497, 666), (498, 656), (499, 844), (499, 674), (500, 821), (500, 642), (502, 773), (502, 641), (504, 637), (506, 790), (508, 840), (509, 766), (509, 820), (510, 664), (510, 732), (512, 689), (512, 708), (513, 724), (513, 793), (514, 760), (514, 735), (516, 642), (517, 845), (519, 741), (522, 773), (522, 681), (528, 662), (528, 845), (529, 706), (530, 664), (530, 725), (531, 809), (531, 746), (534, 826), (538, 696), (538, 835), (540, 695), (542, 835), (543, 723), (545, 785), (545, 667), (546, 674), (546, 797), (547, 835), (547, 738), (548, 839), (549, 776), (552, 646), (552, 641), (553, 773), (553, 688), (554, 678), (555, 673), (555, 651), (558, 674), (558, 732), (559, 650), (562, 773), (562, 1300), (564, 726), (564, 659), (565, 715), (565, 811), (566, 674), (566, 725), (567, 664), (567, 1300), (569, 674), (569, 747), (571, 673), (571, 761), (572, 664), (572, 831), (573, 674), (574, 657), (574, 825), (575, 739), (575, 845), (576, 773), (576, 728), (577, 782), (577, 761), (578, 745), (579, 722), (579, 638), (580, 835), (580, 747), (581, 676), (583, 786), (583, 670), (585, 689), (585, 649), (586, 641), (587, 732), (588, 677), (588, 667), (590, 822), (590, 701), (595, 777), (597, 733), (597, 829), (599, 653), (600, 720), (601, 747), (602, 759), (605, 769), (605, 755), (608, 641), (608, 662), (611, 824), (611, 748), (612, 806), (614, 702), (614, 748), (616, 674), (617, 691), (617, 761), (619, 674), (619, 633), (622, 648), (623, 694), (623, 750), (624, 642), (624, 835), (628, 677), (628, 781), (629, 740), (630, 738), (633, 940), (635, 885), (637, 994), (638, 1007), (638, 932), (640, 927), (640, 1056), (641, 932), (642, 1300), (644, 932), (644, 942), (646, 852), (646, 951), (648, 1025), (649, 933), (649, 861), (650, 1025), (651, 937), (653, 942), (656, 1106), (657, 932), (657, 937), (658, 1300), (658, 857), (659, 940), (659, 1008), (662, 943), (664, 852), (664, 1300), (666, 935), (667, 1008), (667, 932), (670, 1017), (670, 932), (673, 937), (674, 852), (675, 1007), (675, 943), (676, 880), (677, 874), (677, 852), (678, 862), (678, 896), (679, 992), (680, 855), (680, 877), (681, 850), (681, 907), (683, 1018), (688, 964), (688, 970), (689, 905), (689, 895), (691, 852), (691, 937), (694, 861), (694, 852), (695, 957), (696, 933), (697, 1023), (700, 916), (701, 963), (702, 886), (706, 964), (708, 1010), (709, 1025), (709, 1010), (711, 852), (711, 1023), (712, 1300), (712, 935), (713, 933), (713, 1017), (715, 1006), (715, 943), (718, 1025), (718, 1018), (720, 891), (722, 1007), (722, 934), (723, 947), (723, 967), (724, 908), (724, 852), (725, 948), (725, 1300), (726, 848), (726, 953), (728, 976), (728, 968), (732, 948), (733, 888), (733, 1300), (735, 988), (738, 932), (739, 1300), (739, 868), (740, 938), (740, 968), (741, 936), (741, 877), (744, 869), (744, 880), (745, 967), (746, 1025), (746, 908), (747, 997), (748, 887), (748, 1007), (750, 908), (755, 852), (755, 932), (756, 905), (758, 1300), (758, 885), (759, 910), (760, 983), (761, 937), (761, 910), (763, 935), (763, 997), (766, 1300), (766, 906), (769, 932), (769, 1110), (771, 930), (771, 1300), (774, 859), (774, 1300), (776, 930), (777, 859), (780, 1001), (780, 985), (781, 963), (781, 932), (782, 1300), (782, 937), (785, 1008), (785, 852), (786, 1017), (786, 852), (787, 1007), (790, 866), (793, 861), (793, 932), (797, 929), (797, 922), (798, 944), (799, 852), (799, 866), (802, 895), (803, 999), (803, 975), (806, 982), (806, 968), (809, 905), (809, 975), (810, 1010), (811, 1006), (820, 906), (820, 1300), (821, 952), (822, 874), (823, 851), (823, 932), (824, 891), (824, 960), (825, 937), (825, 986), (826, 947), (826, 994), (829, 1300), (829, 932), (831, 947), (831, 1300), (833, 940), (835, 852), (839, 932), (839, 885), (840, 973), (844, 951), (845, 932), (845, 1300), (848, 1080), (848, 1300), (850, 1049), (850, 1300), (851, 1080), (852, 1300), (855, 1049), (857, 1300), (857, 1017), (859, 1295), (859, 1014), (861, 1010), (861, 1018), (862, 1044), (862, 1300), (866, 1266), (868, 1257), (869, 1300), (869, 1015), (874, 1008), (877, 1049), (880, 1049), (880, 1037), (885, 1233), (886, 1007), (887, 1023), (888, 1300), (888, 1011), (895, 1010), (896, 1054), (905, 1077), (906, 1011), (906, 1300), (907, 1054), (907, 1049), (908, 1018), (908, 1010), (910, 1297), (916, 1296), (922, 1064), (922, 1066), (927, 1038), (929, 1048), (929, 1300), (930, 1014), (932, 1300), (933, 1300), (933, 1025), (934, 1295), (934, 1300), (935, 1016), (935, 1300), (936, 1040), (937, 1005), (938, 1048), (940, 1023), (942, 1051), (943, 1295), (944, 1016), (947, 1015), (948, 1013), (951, 1234), (952, 1251), (953, 1300), (953, 1008), (957, 1050), (957, 1037), (960, 1300), (960, 1007), (963, 1008), (967, 1066), (967, 1039), (968, 1056), (968, 1066), (970, 1054), (970, 1110), (973, 1074), (973, 1042), (975, 1300), (975, 1018), (976, 1066), (976, 1300), (982, 1066), (983, 1012), (983, 1300), (985, 1058), (986, 1300), (986, 1297), (988, 1012), (992, 1056), (992, 1047), (994, 1069), (994, 1039), (997, 1300), (997, 1296), (999, 1096), (1001, 1036), (1005, 1025), (1006, 1021), (1007, 1021), (1008, 1024), (1010, 1022), (1011, 1300), (1011, 1144), (1012, 1023), (1012, 1144), (1013, 1019), (1014, 1020), (1015, 1300), (1016, 1023), (1017, 1026), (1017, 1144), (1018, 1026), (1019, 1027), (1019, 1300), (1020, 1030), (1021, 1028), (1022, 1029), (1023, 1028), (1024, 1292), (1025, 1300), (1025, 1031), (1026, 1029), (1026, 1292), (1027, 1300), (1027, 1035), (1028, 1033), (1029, 1033), (1030, 1032), (1031, 1300), (1031, 1034), (1032, 1293), (1033, 1292), (1034, 1300), (1034, 1293), (1035, 1300), (1035, 1292), (1036, 1074), (1036, 1076), (1037, 1049), (1038, 1056), (1038, 1059), (1039, 1066), (1039, 1121), (1040, 1062), (1040, 1049), (1042, 1058), (1042, 1060), (1044, 1052), (1047, 1056), (1047, 1055), (1048, 1071), (1048, 1066), (1049, 1080), (1050, 1079), (1051, 1093), (1052, 1084), (1054, 1109), (1054, 1110), (1055, 1080), (1055, 1121), (1056, 1121), (1058, 1077), (1059, 1084), (1059, 1121), (1060, 1121), (1062, 1085), (1064, 1110), (1064, 1109), (1066, 1077), (1066, 1121), (1069, 1087), (1069, 1121), (1071, 1082), (1071, 1121), (1074, 1161), (1076, 1092), (1077, 1161), (1077, 1121), (1079, 1114), (1079, 1160), (1080, 1114), (1082, 1161), (1084, 1138), (1085, 1114), (1085, 1138), (1087, 1161), (1092, 1161), (1093, 1160), (1096, 1121), (1106, 1300), (1109, 1121), (1121, 1217), (1161, 1190), (1190, 1217), (1217, 1234), (1233, 1257), (1234, 1300), (1234, 1266), (1251, 1257), (1257, 1300), (1292, 1300), (1293, 1300), (1295, 1300), (1296, 1298), (1296, 1300), (1297, 1299), (1298, 1300), (1299, 1300)]
	Crossbar: 1
	Rows: 658
	Columns: 1022
	Nodes: [1, 2, 8, 16, 22, 27, 28, 30, 31, 32, 36, 47, 48, 53, 54, 56, 57, 61, 64, 66, 71, 78, 81, 87, 89, 96, 99, 103, 104, 107, 114, 117, 124, 126, 127, 128, 130, 133, 134, 135, 143, 144, 145, 153, 154, 160, 164, 166, 171, 177, 178, 180, 183, 184, 185, 186, 187, 190, 192, 199, 201, 206, 207, 210, 211, 212, 218, 220, 222, 230, 236, 238, 240, 242, 245, 246, 247, 248, 256, 258, 261, 264, 266, 267, 268, 271, 272, 273, 274, 276, 277, 279, 280, 283, 287, 289, 290, 291, 292, 293, 294, 295, 296, 297, 298, 299, 300, 301, 302, 303, 304, 305, 306, 307, 308, 309, 313, 314, 316, 319, 321, 322, 326, 327, 329, 332, 334, 339, 342, 343, 344, 347, 349, 351, 357, 359, 361, 366, 369, 370, 371, 372, 373, 374, 376, 377, 385, 388, 389, 394, 400, 402, 403, 405, 406, 412, 415, 419, 421, 425, 426, 430, 431, 451, 453, 454, 456, 458, 463, 465, 466, 468, 475, 476, 477, 480, 482, 483, 484, 487, 491, 495, 501, 503, 505, 506, 507, 511, 515, 518, 520, 521, 523, 524, 525, 526, 527, 532, 533, 535, 536, 537, 539, 541, 544, 550, 551, 556, 557, 560, 561, 563, 568, 570, 582, 584, 589, 591, 592, 593, 594, 596, 598, 603, 604, 606, 607, 609, 610, 613, 615, 618, 620, 621, 625, 626, 627, 631, 632, 634, 636, 639, 641, 643, 645, 647, 652, 654, 655, 660, 661, 662, 663, 665, 668, 669, 671, 672, 674, 682, 684, 685, 686, 687, 690, 692, 693, 698, 699, 703, 704, 705, 707, 710, 714, 716, 717, 719, 721, 727, 729, 730, 731, 734, 736, 737, 738, 742, 743, 749, 751, 752, 753, 754, 757, 762, 764, 765, 767, 768, 770, 772, 773, 775, 778, 779, 783, 784, 788, 789, 791, 792, 794, 795, 796, 800, 801, 804, 805, 807, 808, 812, 813, 814, 815, 816, 817, 818, 819, 822, 827, 828, 830, 832, 834, 835, 836, 837, 838, 841, 842, 843, 846, 847, 849, 853, 854, 856, 858, 860, 863, 864, 865, 867, 870, 871, 872, 873, 875, 876, 878, 879, 881, 882, 883, 884, 889, 890, 891, 892, 893, 894, 897, 898, 899, 900, 901, 902, 903, 904, 909, 911, 912, 913, 914, 915, 917, 918, 919, 920, 921, 923, 924, 925, 926, 928, 931, 939, 941, 945, 946, 947, 949, 950, 954, 955, 956, 958, 959, 961, 962, 964, 965, 966, 969, 971, 972, 974, 977, 978, 979, 980, 981, 984, 987, 989, 990, 991, 993, 995, 996, 998, 1000, 1002, 1003, 1004, 1006, 1009, 1041, 1043, 1044, 1045, 1046, 1053, 1057, 1061, 1063, 1065, 1067, 1068, 1070, 1072, 1073, 1075, 1078, 1081, 1082, 1083, 1086, 1087, 1088, 1089, 1090, 1091, 1092, 1094, 1095, 1096, 1097, 1098, 1099, 1100, 1101, 1102, 1103, 1104, 1105, 1107, 1108, 1109, 1110, 1111, 1112, 1113, 1114, 1115, 1116, 1117, 1118, 1119, 1120, 1122, 1123, 1124, 1125, 1126, 1127, 1128, 1129, 1130, 1131, 1132, 1133, 1134, 1135, 1136, 1137, 1138, 1139, 1140, 1141, 1142, 1143, 1144, 1145, 1146, 1147, 1148, 1149, 1150, 1151, 1152, 1153, 1154, 1155, 1156, 1157, 1158, 1159, 1160, 1162, 1163, 1164, 1165, 1166, 1167, 1168, 1169, 1170, 1171, 1172, 1173, 1174, 1175, 1176, 1177, 1178, 1179, 1180, 1181, 1182, 1183, 1184, 1185, 1186, 1187, 1188, 1189, 1191, 1192, 1193, 1194, 1195, 1196, 1197, 1198, 1199, 1200, 1201, 1202, 1203, 1204, 1205, 1206, 1207, 1208, 1209, 1210, 1211, 1212, 1213, 1214, 1215, 1216, 1217, 1218, 1219, 1220, 1221, 1222, 1223, 1224, 1225, 1226, 1227, 1228, 1229, 1230, 1231, 1232, 1235, 1236, 1237, 1238, 1239, 1240, 1241, 1242, 1243, 1244, 1245, 1246, 1247, 1248, 1249, 1250, 1251, 1252, 1253, 1254, 1255, 1256, 1258, 1259, 1260, 1261, 1262, 1263, 1264, 1265, 1266, 1267, 1268, 1269, 1270, 1271, 1272, 1273, 1274, 1275, 1276, 1277, 1278, 1279, 1280, 1281, 1282, 1283, 1284, 1285, 1286, 1287, 1288, 1289, 1290, 1291, 1294, 1300]
	Edges: [(1, 57), (2, 64), (2, 1300), (8, 36), (16, 47), (22, 61), (27, 53), (28, 66), (30, 56), (31, 48), (32, 54), (36, 104), (47, 78), (48, 81), (53, 87), (54, 1300), (54, 103), (56, 89), (57, 1300), (61, 1300), (61, 71), (64, 96), (66, 99), (71, 107), (78, 133), (78, 135), (81, 127), (87, 126), (89, 134), (96, 130), (96, 128), (99, 117), (103, 114), (104, 133), (104, 124), (107, 145), (114, 187), (114, 192), (117, 144), (117, 143), (124, 183), (124, 171), (126, 199), (126, 178), (127, 153), (127, 201), (128, 160), (128, 185), (130, 164), (130, 166), (133, 186), (134, 154), (134, 190), (143, 240), (143, 206), (145, 273), (153, 246), (154, 287), (160, 277), (164, 266), (164, 1300), (166, 210), (166, 261), (171, 280), (171, 276), (177, 220), (178, 272), (178, 267), (180, 230), (183, 248), (184, 274), (185, 264), (185, 258), (186, 210), (187, 212), (190, 236), (190, 283), (192, 256), (192, 242), (199, 266), (199, 268), (201, 238), (206, 402), (206, 306), (207, 299), (210, 1300), (211, 307), (218, 303), (220, 388), (220, 301), (222, 297), (230, 406), (230, 293), (236, 372), (238, 344), (240, 347), (242, 339), (242, 295), (245, 302), (246, 421), (247, 290), (248, 351), (248, 415), (256, 343), (258, 314), (261, 1300), (264, 370), (267, 326), (267, 304), (271, 294), (272, 313), (273, 425), (273, 291), (274, 322), (274, 298), (276, 373), (276, 292), (277, 374), (277, 371), (279, 305), (280, 319), (283, 389), (283, 308), (287, 351), (287, 419), (289, 300), (290, 357), (290, 309), (291, 400), (292, 403), (292, 376), (293, 394), (294, 412), (294, 334), (295, 385), (295, 342), (296, 426), (297, 405), (298, 327), (299, 431), (300, 359), (301, 377), (302, 369), (303, 357), (303, 316), (304, 349), (304, 321), (305, 332), (306, 361), (307, 1300), (307, 430), (308, 366), (308, 329), (309, 454), (309, 518), (314, 536), (316, 476), (316, 451), (319, 523), (321, 511), (321, 541), (322, 631), (322, 610), (326, 627), (326, 524), (327, 503), (327, 557), (329, 507), (329, 463), (332, 483), (332, 603), (334, 453), (334, 560), (339, 568), (339, 480), (342, 533), (342, 463), (343, 584), (343, 477), (344, 663), (347, 591), (349, 539), (349, 505), (351, 729), (357, 556), (357, 505), (359, 475), (359, 618), (361, 551), (361, 598), (366, 609), (366, 550), (369, 525), (369, 592), (370, 532), (370, 521), (371, 563), (372, 465), (373, 468), (373, 491), (374, 501), (374, 456), (376, 484), (376, 535), (377, 604), (377, 537), (385, 561), (385, 544), (388, 606), (388, 621), (389, 607), (389, 589), (394, 526), (394, 570), (400, 466), (400, 603), (402, 596), (402, 515), (403, 582), (403, 544), (405, 483), (405, 495), (406, 527), (406, 594), (412, 520), (412, 458), (415, 613), (419, 613), (419, 506), (421, 731), (425, 615), (426, 482), (426, 620), (430, 593), (430, 625), (431, 487), (431, 626), (451, 814), (451, 636), (453, 796), (453, 762), (454, 792), (454, 791), (456, 846), (458, 808), (463, 730), (463, 754), (465, 698), (465, 643), (466, 672), (468, 815), (475, 757), (475, 795), (476, 669), (476, 693), (477, 818), (477, 717), (480, 738), (480, 764), (482, 753), (482, 778), (483, 672), (483, 974), (484, 794), (484, 805), (487, 672), (487, 956), (491, 764), (495, 682), (501, 716), (501, 752), (503, 632), (503, 685), (505, 1119), (505, 784), (507, 692), (507, 703), (511, 665), (511, 974), (515, 737), (518, 807), (518, 699), (520, 836), (521, 743), (521, 819), (523, 775), (523, 643), (524, 641), (524, 834), (525, 753), (525, 704), (526, 837), (526, 749), (527, 838), (532, 843), (533, 827), (533, 703), (535, 647), (535, 783), (536, 768), (537, 727), (537, 690), (539, 816), (539, 1119), (541, 841), (541, 830), (544, 1144), (544, 804), (550, 1300), (550, 707), (551, 867), (556, 661), (556, 1119), (557, 767), (557, 660), (560, 655), (560, 734), (561, 772), (561, 1144), (563, 684), (563, 634), (568, 815), (568, 835), (570, 842), (570, 779), (582, 742), (582, 1144), (584, 662), (584, 674), (589, 832), (591, 714), (592, 817), (592, 770), (593, 812), (593, 710), (594, 705), (596, 737), (598, 719), (603, 654), (603, 682), (604, 765), (604, 736), (606, 800), (606, 835), (607, 639), (609, 751), (609, 1300), (610, 773), (610, 828), (613, 645), (613, 721), (615, 686), (618, 813), (618, 671), (620, 652), (620, 770), (621, 738), (621, 789), (625, 788), (625, 668), (626, 687), (626, 682), (627, 801), (627, 674), (631, 800), (631, 738), (632, 918), (634, 921), (636, 909), (636, 950), (639, 853), (639, 1147), (643, 1003), (645, 914), (647, 899), (647, 1139), (652, 875), (652, 1156), (654, 879), (655, 860), (655, 1167), (660, 959), (660, 931), (661, 1119), (661, 928), (663, 847), (665, 993), (668, 1300), (668, 913), (669, 1145), (669, 990), (671, 1104), (671, 872), (672, 878), (682, 1158), (684, 921), (685, 956), (685, 901), (686, 870), (687, 882), (690, 1116), (690, 856), (692, 1144), (692, 884), (693, 926), (693, 902), (698, 954), (698, 853), (699, 1112), (699, 964), (703, 1144), (703, 890), (704, 980), (705, 854), (705, 904), (707, 1180), (707, 1300), (710, 923), (710, 991), (714, 972), (716, 1009), (716, 945), (717, 1006), (719, 941), (721, 914), (727, 876), (727, 1126), (729, 1003), (730, 946), (730, 1147), (731, 847), (734, 1176), (734, 883), (736, 974), (736, 917), (737, 912), (742, 1144), (742, 965), (743, 984), (749, 867), (749, 998), (751, 1300), (751, 894), (752, 1009), (753, 1145), (753, 995), (754, 1130), (754, 946), (757, 1145), (757, 919), (762, 987), (762, 892), (764, 871), (764, 1144), (765, 1150), (765, 978), (767, 958), (767, 959), (768, 984), (770, 1128), (770, 950), (772, 1144), (772, 966), (773, 1300), (775, 871), (775, 853), (778, 867), (778, 989), (779, 1099), (779, 872), (783, 1134), (783, 900), (784, 1132), (784, 1119), (788, 915), (788, 1127), (789, 893), (789, 863), (791, 939), (792, 977), (794, 1144), (794, 898), (795, 865), (795, 996), (796, 1150), (796, 849), (800, 924), (801, 947), (801, 1002), (804, 1134), (804, 1144), (805, 864), (805, 858), (807, 964), (807, 1110), (808, 1176), (812, 1122), (812, 961), (813, 889), (813, 920), (814, 981), (814, 1156), (815, 853), (815, 1144), (816, 1119), (816, 949), (817, 950), (817, 1156), (818, 871), (818, 903), (819, 1009), (822, 925), (827, 1144), (827, 962), (828, 893), (828, 897), (830, 1163), (832, 954), (832, 911), (834, 873), (834, 979), (836, 971), (837, 1145), (837, 1000), (838, 947), (838, 969), (841, 882), (841, 964), (842, 955), (842, 1103), (843, 945), (846, 881), (847, 853), (849, 1176), (849, 1142), (853, 1003), (854, 1046), (856, 1126), (858, 1144), (858, 1139), (860, 1167), (860, 1154), (863, 1068), (864, 1144), (864, 1300), (865, 1120), (867, 1143), (870, 1044), (871, 1144), (872, 1103), (873, 1043), (873, 1300), (875, 1156), (875, 1143), (876, 1126), (876, 1155), (878, 1158), (879, 1155), (881, 1294), (881, 1004), (882, 1154), (883, 1167), (883, 1119), (884, 1130), (884, 1137), (889, 1103), (889, 1153), (890, 1144), (890, 1147), (891, 1088), (892, 1154), (892, 1167), (893, 1045), (894, 1180), (894, 1300), (897, 1065), (897, 1068), (898, 1134), (898, 1115), (899, 1139), (899, 1144), (900, 1139), (900, 1300), (901, 1154), (901, 1094), (902, 1153), (902, 1156), (903, 1006), (904, 1073), (904, 1096), (909, 1102), (909, 1135), (911, 1107), (911, 1147), (912, 1070), (913, 1127), (913, 1144), (914, 1003), (915, 1127), (915, 1300), (917, 1155), (917, 1126), (918, 1094), (918, 1166), (919, 1104), (919, 1136), (920, 1149), (920, 1103), (921, 1009), (923, 1300), (923, 1144), (924, 1075), (924, 1041), (925, 1094), (925, 1300), (926, 1153), (928, 1152), (928, 1119), (931, 1094), (939, 1110), (941, 1143), (945, 1294), (946, 1147), (946, 1144), (949, 1132), (949, 1119), (950, 1156), (954, 1147), (955, 1103), (955, 1143), (956, 1154), (958, 1094), (958, 1154), (959, 1126), (959, 1094), (961, 1300), (961, 1162), (962, 1159), (962, 1137), (964, 1110), (965, 1134), (965, 1144), (966, 1148), (966, 1144), (969, 1053), (969, 1096), (971, 1176), (972, 1091), (974, 1155), (977, 1101), (978, 1116), (978, 1166), (979, 1063), (979, 1094), (980, 1156), (981, 1156), (981, 1119), (984, 1009), (987, 1154), (987, 1119), (989, 1143), (989, 1156), (990, 1123), (990, 1098), (991, 1300), (991, 1127), (993, 1163), (995, 1128), (995, 1145), (996, 1120), (996, 1103), (998, 1143), (998, 1103), (1000, 1099), (1000, 1136), (1002, 1061), (1002, 1094), (1003, 1144), (1004, 1300), (1006, 1144), (1009, 1119), (1041, 1068), (1041, 1110), (1043, 1072), (1043, 1094), (1045, 1067), (1045, 1068), (1046, 1057), (1046, 1096), (1053, 1090), (1053, 1096), (1057, 1083), (1057, 1096), (1061, 1081), (1061, 1094), (1063, 1119), (1063, 1126), (1065, 1096), (1065, 1094), (1067, 1078), (1067, 1110), (1068, 1088), (1068, 1110), (1070, 1091), (1072, 1086), (1072, 1094), (1073, 1094), (1073, 1096), (1075, 1089), (1075, 1110), (1078, 1095), (1078, 1108), (1081, 1094), (1081, 1111), (1082, 1140), (1083, 1096), (1083, 1113), (1086, 1094), (1086, 1105), (1087, 1164), (1088, 1095), (1088, 1110), (1089, 1095), (1089, 1097), (1090, 1096), (1090, 1100), (1091, 1114), (1092, 1129), (1094, 1126), (1095, 1114), (1095, 1117), (1096, 1119), (1097, 1160), (1097, 1118), (1098, 1141), (1098, 1136), (1099, 1125), (1099, 1128), (1100, 1151), (1100, 1164), (1101, 1168), (1101, 1124), (1102, 1135), (1102, 1131), (1103, 1149), (1103, 1156), (1104, 1157), (1104, 1165), (1105, 1146), (1105, 1138), (1107, 1147), (1107, 1144), (1108, 1138), (1108, 1146), (1109, 1119), (1110, 1126), (1111, 1118), (1111, 1160), (1112, 1163), (1112, 1116), (1113, 1133), (1113, 1140), (1114, 1191), (1115, 1300), (1115, 1207), (1116, 1175), (1117, 1197), (1118, 1198), (1119, 1300), (1120, 1171), (1122, 1300), (1122, 1290), (1123, 1176), (1123, 1177), (1124, 1176), (1124, 1220), (1125, 1201), (1126, 1215), (1127, 1300), (1127, 1214), (1128, 1202), (1129, 1194), (1130, 1180), (1130, 1175), (1131, 1206), (1132, 1180), (1133, 1196), (1134, 1180), (1135, 1225), (1136, 1213), (1137, 1300), (1137, 1200), (1138, 1193), (1139, 1300), (1139, 1208), (1140, 1189), (1141, 1203), (1142, 1207), (1143, 1173), (1144, 1300), (1145, 1290), (1146, 1199), (1147, 1300), (1147, 1215), (1148, 1300), (1148, 1176), (1149, 1214), (1150, 1291), (1151, 1195), (1152, 1176), (1152, 1300), (1153, 1170), (1154, 1169), (1155, 1172), (1156, 1216), (1157, 1178), (1158, 1210), (1159, 1300), (1159, 1220), (1160, 1192), (1162, 1300), (1162, 1213), (1163, 1174), (1164, 1188), (1165, 1179), (1166, 1200), (1167, 1208), (1168, 1176), (1168, 1222), (1169, 1181), (1169, 1182), (1170, 1300), (1170, 1181), (1171, 1184), (1171, 1183), (1172, 1184), (1173, 1184), (1173, 1185), (1174, 1210), (1174, 1222), (1175, 1209), (1175, 1220), (1176, 1221), (1177, 1217), (1177, 1225), (1178, 1201), (1178, 1223), (1179, 1202), (1179, 1224), (1180, 1206), (1180, 1300), (1181, 1300), (1181, 1187), (1182, 1186), (1182, 1300), (1183, 1187), (1183, 1186), (1184, 1186), (1185, 1187), (1186, 1300), (1187, 1300), (1188, 1211), (1188, 1217), (1189, 1212), (1189, 1217), (1191, 1217), (1192, 1218), (1193, 1219), (1194, 1219), (1194, 1217), (1195, 1226), (1195, 1300), (1196, 1227), (1196, 1300), (1197, 1300), (1197, 1215), (1198, 1204), (1198, 1215), (1199, 1205), (1199, 1215), (1200, 1245), (1200, 1291), (1201, 1231), (1201, 1300), (1202, 1239), (1203, 1232), (1203, 1290), (1204, 1248), (1204, 1300), (1205, 1238), (1205, 1300), (1206, 1246), (1206, 1300), (1207, 1254), (1208, 1249), (1209, 1236), (1209, 1300), (1210, 1230), (1211, 1252), (1212, 1241), (1213, 1232), (1213, 1300), (1214, 1250), (1214, 1300), (1215, 1251), (1215, 1300), (1216, 1253), (1218, 1243), (1219, 1228), (1220, 1229), (1220, 1300), (1221, 1240), (1222, 1255), (1223, 1242), (1223, 1300), (1224, 1244), (1225, 1235), (1226, 1247), (1226, 1300), (1227, 1237), (1227, 1300), (1228, 1279), (1228, 1271), (1229, 1280), (1229, 1272), (1230, 1262), (1230, 1274), (1231, 1281), (1231, 1259), (1232, 1264), (1232, 1300), (1235, 1259), (1235, 1266), (1236, 1262), (1236, 1272), (1237, 1278), (1237, 1277), (1238, 1279), (1238, 1269), (1239, 1281), (1239, 1261), (1240, 1274), (1241, 1278), (1241, 1256), (1242, 1265), (1242, 1259), (1243, 1283), (1243, 1268), (1244, 1265), (1244, 1261), (1245, 1270), (1245, 1291), (1246, 1259), (1246, 1300), (1247, 1285), (1247, 1275), (1248, 1283), (1248, 1267), (1249, 1287), (1249, 1273), (1250, 1289), (1250, 1258), (1252, 1285), (1252, 1276), (1253, 1289), (1253, 1260), (1254, 1263), (1255, 1280), (1255, 1274), (1256, 1278), (1258, 1289), (1258, 1300), (1259, 1281), (1259, 1300), (1260, 1289), (1261, 1281), (1262, 1280), (1263, 1291), (1264, 1290), (1264, 1300), (1265, 1300), (1265, 1281), (1266, 1300), (1267, 1283), (1267, 1300), (1268, 1283), (1269, 1279), (1269, 1300), (1270, 1291), (1271, 1279), (1272, 1280), (1272, 1300), (1273, 1287), (1274, 1280), (1275, 1285), (1275, 1300), (1276, 1285), (1277, 1278), (1277, 1300), (1278, 1285), (1278, 1284), (1279, 1283), (1279, 1282), (1280, 1287), (1280, 1286), (1281, 1289), (1281, 1288), (1282, 1291), (1283, 1300), (1283, 1291), (1284, 1290), (1284, 1300), (1285, 1290), (1286, 1291), (1287, 1300), (1287, 1291), (1288, 1290), (1288, 1300), (1289, 1290), (1290, 1300), (1291, 1300), (1294, 1300)]
