Benchmark: seq
Inputs: 41
Outputs: 35
BDD type: SBDD
BDD construct time (s): 0.48946118354797363
	Output variables: f0, f1, f2, f3, f4, f5, f6, f7, f8, f9, f10, f11, f12, f13, f14, f15, f16, f17, f18, f19, f20, f21, f22, f23, f24, f25, f26, f27, f28, f29, f30, f31, f32, f33, f34
	Nodes: 1302
	Edges: 2600
	BDD show time (s): 0.14769434928894043
Partition alpha: 0.5
Partition D: 128
Partition K: 20
Partition ILP time (s): 3604.7350130081177
Partition status: Optimal
Partition objective S: 952.0
N: 20
I: 1884
Roots: [0, 1, 2, 3, 4, 5, 6, 7, 8, 9, 10, 11, 12, 13, 14, 15, 16, 17, 18, 19, 20, 21, 22, 23, 24, 25, 26, 27, 28, 29, 30, 31, 32, 33, 34]
Terminal: [1300]
Gap (%): 30.83
	Crossbar: 0
	Rows: 122
	Columns: 127
	Nodes: [0, 7, 8, 11, 14, 19, 24, 27, 28, 33, 34, 36, 37, 42, 45, 49, 51, 53, 58, 65, 66, 67, 79, 82, 84, 87, 88, 90, 91, 101, 104, 108, 116, 122, 132, 138, 147, 165, 182, 188, 203, 211, 229, 231, 250, 290, 307, 309, 357, 403, 413, 453, 454, 505, 518, 537, 556, 582, 661, 690, 699, 742, 762, 765, 784, 791, 792, 796, 807, 834, 849, 856, 869, 899, 928, 939, 947, 949, 977, 978, 979, 1000, 1015, 1063, 1073, 1081, 1093, 1094, 1099, 1111, 1112, 1116, 1119, 1123, 1125, 1126, 1132, 1144, 1150, 1152, 1160, 1163, 1166, 1174, 1175, 1176, 1177, 1178, 1182, 1186, 1192, 1201, 1218, 1221, 1223, 1231, 1242, 1243, 1268, 1283, 1291, 1300]
	Edges: [(0, 37), (7, 58), (8, 36), (11, 65), (14, 42), (19, 67), (24, 45), (27, 53), (28, 66), (33, 49), (34, 51), (36, 104), (37, 1300), (37, 90), (45, 79), (49, 84), (51, 1300), (51, 101), (53, 87), (58, 91), (65, 1300), (67, 1300), (67, 82), (79, 138), (84, 132), (88, 108), (90, 116), (108, 147), (116, 165), (122, 182), (132, 203), (138, 147), (138, 188), (182, 229), (182, 211), (188, 231), (203, 250), (211, 307), (229, 413), (290, 357), (290, 309), (307, 1300), (309, 454), (309, 518), (357, 556), (357, 505), (403, 582), (453, 796), (453, 762), (454, 792), (454, 791), (505, 1119), (505, 784), (518, 807), (518, 699), (537, 690), (556, 661), (556, 1119), (582, 742), (582, 1144), (661, 1119), (661, 928), (690, 1116), (690, 856), (699, 1112), (742, 1144), (765, 1150), (765, 978), (784, 1132), (784, 1119), (791, 939), (792, 977), (796, 1150), (796, 849), (834, 979), (849, 1176), (856, 1126), (869, 1300), (869, 1015), (899, 1144), (928, 1152), (928, 1119), (947, 1015), (949, 1132), (949, 1119), (978, 1116), (978, 1166), (979, 1063), (979, 1094), (1000, 1099), (1015, 1300), (1063, 1119), (1063, 1126), (1073, 1094), (1081, 1094), (1081, 1111), (1093, 1160), (1099, 1125), (1111, 1160), (1112, 1163), (1112, 1116), (1116, 1175), (1119, 1300), (1123, 1176), (1123, 1177), (1125, 1201), (1150, 1291), (1152, 1176), (1152, 1300), (1160, 1192), (1163, 1174), (1176, 1221), (1178, 1201), (1178, 1223), (1182, 1186), (1182, 1300), (1186, 1300), (1192, 1218), (1201, 1231), (1201, 1300), (1218, 1243), (1223, 1242), (1223, 1300), (1243, 1283), (1243, 1268), (1268, 1283), (1291, 1300)]
	Crossbar: 1
	Rows: 118
	Columns: 123
	Nodes: [5, 6, 16, 29, 40, 47, 50, 69, 78, 87, 100, 103, 114, 126, 130, 164, 178, 192, 199, 242, 256, 266, 267, 268, 272, 277, 283, 304, 308, 321, 326, 339, 343, 349, 374, 389, 456, 477, 501, 505, 511, 532, 539, 541, 555, 584, 589, 607, 639, 651, 665, 673, 697, 698, 716, 752, 816, 830, 832, 843, 846, 881, 911, 937, 945, 949, 954, 993, 995, 1004, 1006, 1007, 1009, 1012, 1021, 1023, 1028, 1042, 1044, 1047, 1052, 1055, 1060, 1084, 1104, 1119, 1121, 1128, 1138, 1144, 1147, 1157, 1163, 1165, 1178, 1179, 1193, 1194, 1202, 1219, 1224, 1228, 1231, 1238, 1239, 1244, 1259, 1261, 1265, 1269, 1271, 1279, 1281, 1282, 1283, 1291, 1294, 1300]
	Edges: [(5, 69), (6, 40), (16, 47), (29, 50), (47, 78), (69, 100), (87, 126), (103, 114), (114, 192), (126, 199), (126, 178), (130, 164), (164, 266), (164, 1300), (178, 272), (178, 267), (192, 256), (192, 242), (199, 266), (199, 268), (242, 339), (256, 343), (267, 326), (267, 304), (277, 374), (283, 389), (283, 308), (304, 349), (304, 321), (321, 511), (321, 541), (343, 584), (343, 477), (349, 539), (349, 505), (374, 501), (374, 456), (389, 607), (389, 589), (456, 846), (501, 716), (501, 752), (511, 665), (532, 843), (539, 816), (539, 1119), (541, 830), (555, 673), (555, 651), (589, 832), (607, 639), (639, 1147), (651, 937), (665, 993), (673, 937), (697, 1023), (698, 954), (716, 1009), (716, 945), (752, 1009), (816, 1119), (816, 949), (830, 1163), (832, 954), (832, 911), (843, 945), (846, 881), (881, 1294), (881, 1004), (911, 1147), (945, 1294), (954, 1147), (993, 1163), (995, 1128), (1004, 1300), (1006, 1021), (1006, 1144), (1007, 1021), (1012, 1023), (1012, 1144), (1021, 1028), (1023, 1028), (1042, 1060), (1044, 1052), (1047, 1055), (1052, 1084), (1055, 1121), (1060, 1121), (1084, 1138), (1104, 1157), (1104, 1165), (1128, 1202), (1138, 1193), (1157, 1178), (1165, 1179), (1179, 1202), (1179, 1224), (1193, 1219), (1194, 1219), (1202, 1239), (1219, 1228), (1224, 1244), (1228, 1279), (1228, 1271), (1231, 1281), (1231, 1259), (1238, 1279), (1238, 1269), (1239, 1281), (1239, 1261), (1244, 1265), (1244, 1261), (1259, 1281), (1261, 1281), (1265, 1281), (1269, 1279), (1269, 1300), (1271, 1279), (1279, 1283), (1279, 1282), (1282, 1291), (1283, 1291), (1294, 1300)]
	Crossbar: 2
	Rows: 23
	Columns: 21
	Nodes: [62, 72, 123, 152, 159, 216, 247, 266, 290, 316, 392, 476, 553, 605, 669, 688, 773, 990, 1098, 1123, 1136, 1141, 1300]
	Edges: [(62, 1300), (62, 72), (72, 123), (123, 159), (123, 152), (152, 216), (152, 247), (159, 266), (247, 392), (247, 290), (316, 476), (392, 605), (392, 553), (476, 669), (553, 773), (553, 688), (669, 990), (990, 1123), (990, 1098), (1098, 1141), (1098, 1136)]
	Crossbar: 3
	Rows: 20
	Columns: 20
	Nodes: [2, 64, 96, 128, 130, 160, 166, 210, 261, 277, 371, 973, 1036, 1042, 1074, 1076, 1092, 1129, 1161, 1300]
	Edges: [(2, 64), (2, 1300), (64, 96), (96, 130), (96, 128), (128, 160), (130, 166), (160, 277), (166, 210), (166, 261), (261, 1300), (277, 371), (973, 1074), (973, 1042), (1036, 1074), (1036, 1076), (1074, 1161), (1076, 1092), (1092, 1161), (1092, 1129)]
	Crossbar: 4
	Rows: 52
	Columns: 49
	Nodes: [30, 35, 56, 76, 89, 92, 101, 102, 105, 110, 112, 116, 136, 167, 169, 172, 177, 193, 196, 200, 213, 216, 220, 251, 266, 272, 282, 288, 311, 313, 354, 378, 379, 388, 393, 445, 448, 474, 529, 542, 555, 590, 621, 630, 631, 633, 738, 789, 822, 833, 835, 940]
	Edges: [(30, 56), (35, 102), (56, 89), (76, 112), (92, 110), (101, 136), (102, 105), (105, 196), (105, 169), (110, 177), (112, 167), (112, 172), (116, 200), (136, 193), (136, 200), (167, 266), (167, 213), (169, 251), (177, 282), (177, 220), (193, 288), (200, 251), (213, 378), (216, 311), (220, 388), (251, 354), (266, 379), (272, 313), (288, 393), (311, 448), (311, 529), (313, 542), (313, 590), (354, 542), (354, 630), (378, 555), (379, 542), (388, 621), (445, 630), (448, 833), (448, 835), (474, 833), (542, 835), (590, 822), (621, 738), (621, 789), (631, 738), (633, 940), (833, 940)]
	Crossbar: 5
	Rows: 104
	Columns: 107
	Nodes: [50, 63, 73, 78, 85, 91, 104, 115, 118, 124, 133, 135, 140, 155, 156, 159, 171, 179, 181, 183, 186, 194, 207, 210, 221, 222, 224, 232, 248, 257, 270, 276, 280, 281, 297, 308, 312, 317, 319, 325, 337, 340, 345, 350, 360, 364, 365, 366, 391, 394, 405, 435, 460, 472, 473, 480, 483, 495, 517, 526, 541, 547, 550, 570, 574, 575, 584, 609, 623, 630, 635, 662, 674, 688, 697, 707, 738, 749, 753, 764, 790, 835, 837, 841, 842, 845, 955, 964, 970, 995, 996, 1000, 1054, 1103, 1110, 1145, 1252, 1276, 1281, 1285, 1288, 1289, 1290, 1300]
	Edges: [(50, 85), (63, 1300), (63, 73), (73, 115), (78, 133), (78, 135), (85, 118), (91, 140), (104, 133), (104, 124), (115, 181), (118, 179), (124, 183), (124, 171), (133, 186), (140, 156), (155, 281), (156, 270), (159, 257), (171, 280), (171, 276), (179, 221), (179, 222), (181, 224), (181, 207), (183, 248), (186, 210), (194, 232), (210, 1300), (221, 360), (222, 350), (222, 297), (224, 345), (232, 365), (232, 317), (257, 340), (257, 391), (270, 325), (270, 364), (280, 319), (281, 317), (297, 405), (308, 366), (312, 460), (317, 473), (325, 623), (325, 435), (337, 547), (340, 547), (345, 472), (360, 517), (360, 630), (364, 574), (365, 547), (366, 609), (366, 550), (391, 473), (394, 526), (394, 570), (405, 483), (405, 495), (460, 790), (460, 674), (472, 697), (472, 835), (473, 635), (480, 738), (480, 764), (517, 845), (526, 837), (526, 749), (541, 841), (547, 835), (547, 738), (550, 1300), (550, 707), (570, 842), (575, 845), (584, 662), (584, 674), (609, 1300), (630, 738), (688, 964), (688, 970), (753, 1145), (753, 995), (837, 1145), (837, 1000), (841, 964), (842, 955), (842, 1103), (955, 1103), (970, 1054), (970, 1110), (995, 1145), (996, 1103), (1054, 1110), (1145, 1290), (1252, 1285), (1252, 1276), (1276, 1285), (1281, 1289), (1281, 1288), (1285, 1290), (1288, 1290), (1288, 1300), (1289, 1290)]
	Crossbar: 6
	Rows: 104
	Columns: 111
	Nodes: [12, 26, 38, 52, 86, 92, 95, 100, 129, 137, 161, 196, 198, 207, 263, 269, 286, 289, 299, 320, 326, 355, 376, 381, 386, 387, 401, 404, 410, 418, 423, 431, 459, 471, 486, 496, 510, 524, 535, 546, 548, 554, 572, 573, 583, 616, 627, 635, 641, 644, 647, 648, 664, 670, 674, 678, 686, 689, 738, 744, 756, 786, 795, 803, 834, 839, 862, 865, 870, 873, 880, 885, 899, 901, 905, 932, 942, 957, 976, 996, 1017, 1037, 1039, 1043, 1044, 1049, 1066, 1072, 1077, 1080, 1086, 1094, 1120, 1121, 1139, 1171, 1208, 1216, 1250, 1253, 1258, 1260, 1289, 1300]
	Edges: [(12, 52), (26, 38), (26, 95), (38, 1300), (38, 92), (52, 86), (86, 129), (95, 1300), (100, 137), (129, 161), (137, 198), (196, 286), (198, 263), (207, 386), (207, 299), (263, 387), (269, 320), (286, 355), (286, 404), (289, 401), (299, 431), (320, 616), (326, 627), (326, 524), (376, 535), (381, 616), (386, 471), (386, 554), (387, 573), (401, 546), (404, 573), (410, 486), (410, 496), (418, 583), (418, 572), (423, 548), (459, 674), (471, 644), (471, 738), (486, 648), (486, 932), (496, 803), (510, 664), (524, 641), (524, 834), (535, 647), (546, 674), (548, 839), (554, 678), (572, 664), (573, 674), (583, 786), (583, 670), (616, 674), (627, 674), (635, 885), (644, 932), (644, 942), (647, 899), (647, 1139), (670, 1017), (670, 932), (678, 862), (686, 870), (689, 905), (738, 932), (744, 880), (756, 905), (786, 1017), (795, 865), (795, 996), (834, 873), (839, 932), (839, 885), (862, 1044), (862, 1300), (865, 1120), (870, 1044), (873, 1043), (873, 1300), (880, 1049), (880, 1037), (899, 1139), (901, 1094), (905, 1077), (957, 1037), (976, 1066), (976, 1300), (996, 1120), (1037, 1049), (1039, 1066), (1039, 1121), (1043, 1072), (1043, 1094), (1049, 1080), (1066, 1077), (1072, 1086), (1072, 1094), (1077, 1121), (1086, 1094), (1120, 1171), (1139, 1300), (1139, 1208), (1216, 1253), (1250, 1289), (1250, 1258), (1253, 1289), (1253, 1260), (1258, 1289), (1258, 1300), (1260, 1289)]
	Crossbar: 7
	Rows: 112
	Columns: 122
	Nodes: [15, 21, 32, 41, 54, 60, 94, 103, 106, 161, 211, 217, 255, 271, 279, 294, 305, 307, 318, 322, 332, 336, 358, 364, 367, 371, 380, 391, 399, 417, 420, 430, 447, 469, 470, 478, 483, 511, 522, 540, 545, 552, 562, 563, 575, 576, 588, 593, 597, 605, 610, 628, 634, 641, 642, 646, 667, 677, 681, 684, 695, 700, 710, 733, 739, 744, 755, 769, 773, 785, 789, 812, 828, 829, 852, 863, 868, 869, 893, 897, 909, 910, 916, 921, 923, 932, 951, 974, 986, 991, 1008, 1009, 1045, 1065, 1067, 1068, 1102, 1135, 1174, 1210, 1221, 1222, 1225, 1230, 1240, 1255, 1272, 1274, 1280, 1297, 1299, 1300]
	Edges: [(15, 41), (21, 60), (32, 54), (54, 1300), (54, 103), (60, 94), (94, 106), (161, 217), (211, 417), (217, 380), (217, 318), (255, 420), (255, 399), (271, 336), (271, 294), (279, 367), (279, 305), (305, 332), (307, 430), (318, 470), (322, 610), (332, 483), (336, 478), (336, 522), (358, 447), (364, 552), (367, 540), (371, 563), (380, 588), (380, 642), (391, 469), (399, 575), (417, 597), (417, 562), (420, 545), (430, 593), (447, 641), (469, 641), (470, 700), (478, 744), (478, 829), (483, 974), (511, 974), (522, 773), (522, 681), (540, 695), (545, 785), (545, 667), (552, 646), (552, 641), (562, 773), (562, 1300), (563, 684), (563, 634), (575, 739), (576, 773), (588, 677), (588, 667), (593, 812), (593, 710), (597, 733), (597, 829), (605, 769), (605, 755), (610, 773), (610, 828), (628, 677), (634, 921), (642, 1300), (646, 852), (646, 951), (667, 1008), (667, 932), (677, 852), (684, 921), (700, 916), (710, 923), (710, 991), (739, 1300), (739, 868), (744, 869), (755, 852), (755, 932), (769, 932), (785, 1008), (785, 852), (789, 893), (789, 863), (828, 893), (828, 897), (829, 1300), (852, 1300), (863, 1068), (893, 1045), (897, 1065), (897, 1068), (909, 1102), (909, 1135), (910, 1297), (921, 1009), (923, 1300), (932, 1300), (986, 1300), (986, 1297), (991, 1300), (1045, 1067), (1045, 1068), (1102, 1135), (1135, 1225), (1174, 1222), (1210, 1230), (1221, 1240), (1222, 1255), (1230, 1274), (1240, 1274), (1255, 1280), (1255, 1274), (1272, 1280), (1272, 1300), (1274, 1280), (1297, 1299), (1299, 1300)]
	Crossbar: 8
	Rows: 93
	Columns: 110
	Nodes: [17, 46, 98, 158, 205, 213, 234, 259, 278, 346, 353, 409, 411, 427, 429, 433, 435, 440, 443, 449, 455, 492, 497, 510, 530, 558, 587, 600, 622, 640, 648, 666, 679, 681, 683, 705, 709, 718, 720, 725, 732, 769, 798, 850, 891, 904, 907, 927, 935, 944, 948, 992, 1013, 1016, 1018, 1019, 1023, 1025, 1027, 1035, 1038, 1047, 1049, 1056, 1059, 1068, 1071, 1073, 1082, 1083, 1084, 1088, 1096, 1110, 1113, 1121, 1133, 1140, 1151, 1189, 1195, 1196, 1226, 1237, 1241, 1247, 1256, 1275, 1277, 1278, 1284, 1285, 1300]
	Edges: [(17, 46), (46, 1300), (46, 98), (158, 278), (205, 346), (213, 427), (234, 429), (259, 409), (278, 353), (346, 683), (346, 433), (353, 622), (353, 455), (409, 449), (409, 492), (411, 440), (427, 587), (429, 558), (433, 558), (433, 440), (435, 443), (435, 530), (440, 558), (443, 530), (443, 510), (449, 679), (455, 709), (492, 640), (497, 798), (497, 666), (510, 732), (558, 732), (587, 732), (600, 720), (622, 648), (640, 927), (640, 1056), (648, 1025), (666, 935), (679, 992), (681, 850), (681, 907), (683, 1018), (705, 904), (709, 1025), (718, 1025), (718, 1018), (720, 891), (725, 948), (725, 1300), (732, 948), (769, 1110), (798, 944), (850, 1049), (850, 1300), (891, 1088), (904, 1073), (904, 1096), (907, 1049), (927, 1038), (935, 1016), (935, 1300), (944, 1016), (948, 1013), (992, 1056), (992, 1047), (1013, 1019), (1016, 1023), (1019, 1027), (1019, 1300), (1027, 1300), (1027, 1035), (1038, 1056), (1038, 1059), (1047, 1056), (1059, 1084), (1059, 1121), (1068, 1088), (1068, 1110), (1071, 1082), (1071, 1121), (1073, 1096), (1082, 1140), (1083, 1096), (1083, 1113), (1088, 1110), (1096, 1121), (1113, 1133), (1113, 1140), (1133, 1196), (1140, 1189), (1151, 1195), (1195, 1226), (1195, 1300), (1226, 1247), (1226, 1300), (1237, 1278), (1237, 1277), (1241, 1278), (1241, 1256), (1247, 1285), (1247, 1275), (1256, 1278), (1275, 1285), (1275, 1300), (1277, 1278), (1277, 1300), (1278, 1285), (1278, 1284), (1284, 1300)]
	Crossbar: 9
	Rows: 74
	Columns: 75
	Nodes: [59, 83, 93, 120, 121, 149, 151, 168, 215, 235, 237, 245, 253, 274, 278, 284, 296, 298, 315, 322, 324, 327, 339, 362, 367, 373, 383, 388, 397, 426, 437, 441, 444, 446, 455, 468, 480, 482, 488, 496, 503, 512, 519, 557, 568, 578, 581, 585, 606, 620, 624, 631, 642, 676, 680, 689, 718, 741, 745, 753, 770, 800, 815, 835, 855, 877, 880, 895, 924, 936, 1040, 1049, 1062, 1085]
	Edges: [(59, 93), (83, 121), (93, 120), (120, 151), (121, 168), (149, 215), (149, 235), (151, 237), (168, 278), (168, 253), (215, 315), (235, 362), (235, 296), (237, 383), (245, 362), (253, 324), (253, 296), (274, 322), (274, 298), (284, 397), (296, 426), (298, 327), (315, 512), (322, 631), (324, 578), (327, 503), (327, 557), (339, 568), (339, 480), (367, 519), (373, 468), (383, 441), (383, 437), (388, 606), (397, 624), (397, 585), (426, 482), (426, 620), (437, 488), (437, 446), (441, 581), (441, 444), (444, 581), (446, 488), (455, 689), (468, 815), (482, 753), (488, 680), (496, 718), (512, 689), (519, 741), (568, 815), (568, 835), (578, 745), (581, 676), (585, 689), (606, 800), (606, 835), (620, 770), (624, 642), (624, 835), (631, 800), (676, 880), (680, 855), (680, 877), (689, 895), (741, 936), (741, 877), (800, 924), (855, 1049), (877, 1049), (936, 1040), (1040, 1062), (1040, 1049), (1062, 1085)]
	Crossbar: 10
	Rows: 119
	Columns: 125
	Nodes: [13, 20, 39, 44, 65, 70, 77, 80, 121, 122, 125, 139, 142, 143, 150, 158, 163, 170, 173, 180, 203, 205, 206, 220, 226, 228, 230, 234, 252, 266, 275, 293, 296, 301, 306, 323, 330, 361, 362, 377, 394, 396, 402, 406, 410, 416, 418, 459, 464, 504, 515, 527, 534, 537, 576, 594, 596, 598, 604, 629, 637, 723, 727, 728, 736, 737, 740, 745, 756, 765, 794, 826, 838, 858, 864, 876, 912, 917, 922, 923, 947, 966, 967, 968, 974, 976, 994, 1039, 1064, 1067, 1078, 1109, 1110, 1117, 1126, 1144, 1146, 1155, 1169, 1171, 1172, 1173, 1175, 1181, 1183, 1184, 1185, 1186, 1187, 1197, 1199, 1205, 1209, 1215, 1230, 1236, 1262, 1280, 1300]
	Edges: [(13, 39), (20, 44), (39, 70), (44, 80), (65, 77), (70, 139), (77, 122), (80, 125), (121, 173), (122, 170), (125, 150), (125, 180), (139, 142), (139, 158), (142, 266), (142, 234), (143, 206), (150, 205), (158, 226), (163, 266), (170, 266), (170, 275), (173, 234), (180, 252), (180, 230), (203, 228), (206, 402), (206, 306), (220, 301), (226, 416), (226, 296), (228, 330), (230, 406), (230, 293), (234, 396), (252, 410), (275, 418), (293, 394), (301, 377), (306, 361), (323, 534), (323, 576), (330, 464), (361, 598), (362, 504), (362, 629), (377, 604), (377, 537), (402, 596), (402, 515), (406, 527), (406, 594), (416, 459), (416, 629), (459, 637), (464, 756), (504, 637), (515, 737), (527, 838), (534, 826), (537, 727), (576, 728), (596, 737), (604, 765), (604, 736), (629, 740), (637, 994), (723, 967), (727, 876), (727, 1126), (728, 976), (728, 968), (736, 974), (736, 917), (737, 912), (740, 968), (745, 967), (794, 1144), (826, 947), (826, 994), (838, 947), (858, 1144), (864, 1144), (876, 1126), (876, 1155), (917, 1155), (917, 1126), (922, 1064), (923, 1144), (966, 1144), (967, 1039), (974, 1155), (994, 1039), (1064, 1110), (1064, 1109), (1067, 1078), (1067, 1110), (1110, 1126), (1117, 1197), (1126, 1215), (1146, 1199), (1155, 1172), (1169, 1181), (1171, 1184), (1171, 1183), (1172, 1184), (1173, 1184), (1173, 1185), (1175, 1209), (1181, 1187), (1183, 1187), (1183, 1186), (1184, 1186), (1185, 1187), (1187, 1300), (1197, 1300), (1197, 1215), (1199, 1205), (1199, 1215), (1209, 1236), (1209, 1300), (1215, 1300), (1230, 1262), (1236, 1262), (1262, 1280)]
	Crossbar: 11
	Rows: 107
	Columns: 120
	Nodes: [23, 35, 115, 129, 140, 184, 202, 204, 208, 242, 244, 260, 262, 268, 274, 275, 276, 292, 295, 308, 310, 328, 329, 333, 337, 340, 342, 348, 350, 373, 375, 376, 385, 393, 395, 403, 414, 420, 430, 432, 434, 436, 438, 439, 457, 463, 474, 481, 484, 490, 491, 497, 500, 502, 509, 516, 531, 544, 561, 599, 600, 608, 625, 628, 641, 642, 653, 668, 742, 746, 766, 771, 773, 788, 804, 809, 820, 848, 851, 905, 906, 913, 915, 942, 965, 975, 991, 1003, 1011, 1051, 1055, 1078, 1080, 1085, 1086, 1093, 1095, 1105, 1108, 1114, 1127, 1134, 1138, 1144, 1146, 1191, 1300]
	Edges: [(23, 35), (115, 202), (129, 184), (140, 204), (184, 260), (184, 274), (202, 262), (204, 244), (208, 310), (242, 295), (244, 414), (260, 348), (262, 337), (262, 328), (268, 375), (275, 395), (276, 373), (276, 292), (292, 403), (292, 376), (295, 385), (295, 342), (308, 329), (310, 497), (310, 500), (328, 502), (329, 463), (333, 490), (337, 436), (340, 432), (342, 463), (348, 474), (348, 600), (350, 599), (373, 491), (375, 628), (375, 434), (376, 484), (385, 561), (385, 544), (393, 490), (395, 509), (395, 457), (403, 544), (414, 531), (420, 481), (430, 625), (432, 642), (432, 438), (434, 439), (434, 490), (436, 490), (436, 439), (438, 642), (438, 516), (439, 490), (474, 641), (481, 642), (481, 771), (490, 642), (500, 642), (502, 773), (502, 641), (509, 766), (509, 820), (516, 642), (531, 809), (531, 746), (544, 1144), (544, 804), (599, 653), (608, 641), (625, 788), (625, 668), (653, 942), (668, 1300), (668, 913), (742, 965), (766, 1300), (766, 906), (771, 1300), (773, 1300), (788, 915), (788, 1127), (804, 1134), (804, 1144), (809, 905), (809, 975), (820, 906), (820, 1300), (848, 1080), (848, 1300), (851, 1080), (906, 1011), (906, 1300), (913, 1127), (913, 1144), (915, 1127), (915, 1300), (942, 1051), (965, 1134), (965, 1144), (975, 1300), (991, 1127), (1003, 1144), (1011, 1144), (1051, 1093), (1055, 1080), (1078, 1095), (1078, 1108), (1080, 1114), (1085, 1114), (1085, 1138), (1086, 1105), (1095, 1114), (1105, 1146), (1105, 1138), (1108, 1138), (1108, 1146), (1114, 1191)]
	Crossbar: 12
	Rows: 103
	Columns: 125
	Nodes: [41, 97, 98, 131, 157, 169, 172, 194, 225, 227, 243, 279, 282, 329, 342, 407, 408, 411, 422, 447, 462, 500, 507, 513, 528, 533, 559, 561, 585, 611, 614, 622, 623, 649, 650, 662, 692, 694, 702, 703, 707, 713, 724, 746, 748, 750, 758, 772, 782, 793, 799, 821, 824, 827, 845, 852, 861, 868, 884, 885, 886, 887, 890, 894, 908, 911, 933, 937, 952, 962, 1005, 1007, 1025, 1031, 1034, 1107, 1129, 1137, 1144, 1147, 1159, 1170, 1177, 1180, 1181, 1194, 1198, 1200, 1204, 1215, 1217, 1225, 1233, 1235, 1242, 1248, 1251, 1257, 1259, 1265, 1267, 1283, 1300]
	Edges: [(41, 1300), (41, 97), (98, 131), (131, 194), (131, 157), (157, 279), (169, 243), (172, 227), (225, 411), (227, 408), (243, 422), (282, 407), (329, 507), (342, 533), (407, 528), (407, 611), (408, 622), (408, 559), (411, 513), (422, 462), (422, 614), (447, 758), (462, 662), (500, 821), (507, 692), (507, 703), (513, 724), (513, 793), (528, 662), (528, 845), (533, 827), (533, 703), (559, 650), (561, 772), (561, 1144), (585, 649), (611, 824), (611, 748), (614, 702), (614, 748), (623, 694), (623, 750), (649, 933), (649, 861), (650, 1025), (692, 1144), (692, 884), (694, 861), (694, 852), (702, 886), (703, 1144), (703, 890), (707, 1180), (707, 1300), (713, 933), (724, 908), (724, 852), (746, 1025), (746, 908), (748, 887), (748, 1007), (750, 908), (758, 1300), (758, 885), (772, 1144), (782, 1300), (782, 937), (793, 861), (799, 852), (821, 952), (827, 1144), (827, 962), (845, 1300), (868, 1257), (884, 1137), (885, 1233), (886, 1007), (890, 1144), (890, 1147), (894, 1180), (911, 1107), (933, 1025), (937, 1005), (952, 1251), (962, 1159), (962, 1137), (1005, 1025), (1025, 1300), (1025, 1031), (1031, 1300), (1031, 1034), (1107, 1147), (1107, 1144), (1129, 1194), (1137, 1300), (1137, 1200), (1144, 1300), (1147, 1300), (1147, 1215), (1170, 1300), (1170, 1181), (1177, 1217), (1177, 1225), (1180, 1300), (1181, 1300), (1194, 1217), (1198, 1204), (1198, 1215), (1204, 1248), (1204, 1300), (1215, 1251), (1225, 1235), (1233, 1257), (1235, 1259), (1242, 1265), (1242, 1259), (1248, 1283), (1248, 1267), (1251, 1257), (1257, 1300), (1259, 1300), (1265, 1300), (1267, 1283), (1267, 1300), (1283, 1300)]
	Crossbar: 13
	Rows: 120
	Columns: 127
	Nodes: [25, 59, 71, 89, 97, 107, 108, 109, 127, 134, 145, 148, 153, 154, 174, 175, 190, 201, 218, 225, 231, 236, 238, 246, 248, 259, 273, 283, 284, 287, 291, 303, 316, 323, 332, 335, 344, 351, 357, 358, 396, 400, 415, 419, 421, 425, 431, 451, 466, 467, 483, 487, 495, 512, 560, 571, 577, 603, 613, 615, 626, 643, 645, 654, 655, 663, 672, 673, 682, 685, 686, 687, 695, 708, 721, 729, 731, 734, 761, 762, 782, 802, 841, 847, 853, 860, 878, 879, 882, 883, 892, 895, 901, 914, 956, 957, 981, 987, 1003, 1010, 1050, 1075, 1079, 1088, 1089, 1095, 1097, 1111, 1117, 1118, 1119, 1154, 1155, 1158, 1160, 1167, 1174, 1198, 1208, 1210]
	Edges: [(25, 59), (71, 107), (89, 134), (97, 109), (107, 145), (108, 148), (109, 175), (109, 174), (127, 153), (127, 201), (134, 154), (134, 190), (145, 273), (148, 231), (148, 259), (153, 246), (154, 287), (174, 284), (174, 218), (175, 225), (190, 236), (190, 283), (201, 238), (218, 323), (218, 303), (225, 358), (231, 335), (238, 344), (246, 421), (248, 351), (248, 415), (273, 425), (273, 291), (287, 351), (287, 419), (291, 400), (303, 357), (303, 316), (316, 451), (332, 603), (335, 467), (344, 663), (351, 729), (358, 577), (396, 571), (400, 466), (400, 603), (415, 613), (419, 613), (421, 731), (425, 615), (431, 487), (431, 626), (466, 672), (467, 802), (467, 708), (483, 672), (487, 672), (487, 956), (495, 682), (512, 708), (560, 655), (571, 673), (571, 761), (577, 782), (577, 761), (603, 654), (603, 682), (613, 645), (613, 721), (615, 686), (626, 687), (626, 682), (643, 1003), (645, 914), (654, 879), (655, 860), (655, 1167), (663, 847), (672, 878), (682, 1158), (685, 956), (685, 901), (687, 882), (695, 957), (708, 1010), (721, 914), (729, 1003), (731, 847), (734, 883), (762, 987), (762, 892), (802, 895), (841, 882), (847, 853), (853, 1003), (860, 1167), (860, 1154), (878, 1158), (879, 1155), (882, 1154), (883, 1167), (883, 1119), (892, 1154), (892, 1167), (895, 1010), (901, 1154), (914, 1003), (956, 1154), (957, 1050), (981, 1119), (987, 1154), (987, 1119), (1050, 1079), (1075, 1089), (1079, 1160), (1088, 1095), (1089, 1095), (1089, 1097), (1095, 1117), (1097, 1160), (1097, 1118), (1111, 1118), (1118, 1198), (1158, 1210), (1167, 1208), (1174, 1210)]
	Crossbar: 14
	Rows: 102
	Columns: 108
	Nodes: [10, 40, 68, 74, 82, 83, 113, 119, 135, 141, 155, 163, 176, 189, 197, 208, 219, 223, 233, 239, 250, 255, 271, 331, 352, 381, 382, 384, 390, 413, 457, 477, 479, 494, 508, 546, 564, 579, 586, 590, 628, 638, 641, 658, 659, 701, 713, 717, 726, 740, 772, 781, 793, 797, 818, 829, 840, 845, 848, 857, 871, 874, 903, 912, 922, 929, 932, 938, 940, 953, 963, 966, 967, 972, 973, 1006, 1007, 1008, 1017, 1023, 1024, 1035, 1048, 1066, 1070, 1071, 1079, 1091, 1114, 1141, 1148, 1176, 1196, 1203, 1227, 1232, 1237, 1264, 1284, 1290, 1292, 1300]
	Edges: [(10, 68), (40, 74), (68, 1300), (68, 83), (74, 113), (82, 119), (113, 141), (113, 189), (119, 155), (119, 176), (135, 163), (135, 197), (141, 208), (163, 255), (176, 239), (189, 219), (189, 223), (197, 233), (197, 271), (208, 384), (219, 381), (223, 382), (233, 390), (239, 382), (250, 331), (331, 508), (331, 479), (352, 579), (382, 586), (390, 564), (413, 494), (457, 829), (457, 845), (477, 818), (477, 717), (494, 658), (494, 713), (508, 840), (546, 797), (564, 726), (564, 659), (579, 638), (586, 641), (590, 701), (628, 781), (638, 1007), (638, 932), (641, 932), (658, 1300), (658, 857), (659, 940), (659, 1008), (701, 963), (713, 1017), (717, 1006), (726, 848), (726, 953), (740, 938), (772, 966), (781, 963), (781, 932), (793, 932), (797, 929), (797, 922), (818, 871), (818, 903), (829, 932), (840, 973), (845, 932), (857, 1300), (857, 1017), (874, 1008), (903, 1006), (912, 1070), (922, 1066), (929, 1048), (929, 1300), (938, 1048), (940, 1023), (953, 1300), (953, 1008), (963, 1008), (966, 1148), (967, 1066), (972, 1091), (1008, 1024), (1024, 1292), (1035, 1300), (1035, 1292), (1048, 1071), (1048, 1066), (1070, 1091), (1079, 1114), (1091, 1114), (1141, 1203), (1148, 1300), (1148, 1176), (1196, 1227), (1196, 1300), (1203, 1232), (1203, 1290), (1227, 1237), (1227, 1300), (1232, 1264), (1264, 1290), (1264, 1300), (1284, 1290), (1292, 1300)]
	Crossbar: 15
	Rows: 114
	Columns: 128
	Nodes: [204, 236, 289, 294, 300, 319, 334, 359, 372, 399, 401, 412, 453, 458, 461, 463, 465, 475, 479, 491, 520, 523, 543, 557, 560, 572, 627, 639, 643, 660, 669, 677, 698, 709, 712, 723, 734, 754, 757, 763, 764, 767, 775, 780, 795, 801, 803, 808, 815, 822, 831, 836, 853, 861, 871, 874, 884, 908, 919, 925, 931, 935, 946, 947, 958, 959, 971, 975, 977, 985, 997, 999, 1000, 1001, 1002, 1010, 1017, 1018, 1022, 1026, 1028, 1029, 1033, 1036, 1042, 1058, 1061, 1065, 1077, 1081, 1082, 1094, 1096, 1101, 1124, 1126, 1130, 1136, 1144, 1145, 1154, 1161, 1168, 1169, 1175, 1176, 1180, 1182, 1213, 1220, 1222, 1232, 1292, 1300]
	Edges: [(204, 289), (236, 372), (289, 300), (294, 412), (294, 334), (300, 359), (319, 523), (334, 453), (334, 560), (359, 475), (372, 465), (399, 461), (401, 543), (412, 520), (412, 458), (458, 808), (461, 712), (461, 763), (463, 754), (465, 698), (465, 643), (475, 757), (475, 795), (479, 780), (491, 764), (520, 836), (523, 775), (523, 643), (543, 723), (557, 767), (557, 660), (560, 734), (572, 831), (627, 801), (639, 853), (660, 959), (660, 931), (669, 1145), (677, 874), (698, 853), (709, 1010), (712, 1300), (712, 935), (723, 947), (734, 1176), (754, 1130), (754, 946), (757, 1145), (757, 919), (763, 935), (763, 997), (764, 871), (764, 1144), (767, 958), (767, 959), (775, 871), (775, 853), (780, 1001), (780, 985), (801, 947), (801, 1002), (803, 999), (803, 975), (808, 1176), (815, 853), (815, 1144), (822, 925), (822, 874), (831, 947), (831, 1300), (836, 971), (861, 1010), (861, 1018), (871, 1144), (884, 1130), (908, 1018), (908, 1010), (919, 1136), (925, 1094), (925, 1300), (931, 1094), (946, 1144), (958, 1094), (958, 1154), (959, 1126), (959, 1094), (971, 1176), (975, 1018), (977, 1101), (985, 1058), (999, 1096), (1000, 1136), (1001, 1036), (1002, 1061), (1002, 1094), (1010, 1022), (1017, 1026), (1017, 1144), (1018, 1026), (1022, 1029), (1026, 1029), (1026, 1292), (1028, 1033), (1029, 1033), (1033, 1292), (1042, 1058), (1058, 1077), (1061, 1081), (1061, 1094), (1065, 1096), (1065, 1094), (1077, 1161), (1082, 1161), (1094, 1126), (1101, 1168), (1101, 1124), (1124, 1176), (1124, 1220), (1130, 1180), (1130, 1175), (1136, 1213), (1154, 1169), (1168, 1176), (1168, 1222), (1169, 1182), (1175, 1220), (1213, 1232), (1232, 1300)]
	Crossbar: 16
	Rows: 111
	Columns: 120
	Nodes: [4, 42, 55, 66, 75, 88, 99, 106, 111, 117, 128, 132, 143, 144, 146, 147, 149, 162, 185, 191, 228, 240, 241, 245, 258, 264, 265, 266, 269, 285, 302, 314, 318, 338, 341, 347, 355, 359, 361, 368, 369, 370, 419, 429, 451, 482, 485, 493, 506, 525, 536, 551, 570, 591, 592, 598, 602, 608, 616, 618, 636, 662, 671, 675, 704, 714, 715, 719, 749, 753, 768, 770, 778, 779, 787, 790, 799, 810, 813, 814, 817, 866, 867, 872, 889, 909, 919, 920, 941, 943, 950, 955, 972, 980, 981, 989, 998, 1007, 1010, 1099, 1103, 1104, 1128, 1143, 1149, 1153, 1156, 1170, 1173, 1214, 1266]
	Edges: [(4, 55), (42, 75), (55, 88), (66, 99), (75, 111), (99, 117), (106, 144), (106, 146), (111, 162), (111, 149), (117, 144), (117, 143), (128, 185), (132, 191), (143, 240), (144, 269), (146, 228), (146, 245), (147, 265), (162, 266), (162, 241), (185, 264), (185, 258), (191, 285), (240, 347), (241, 341), (241, 368), (245, 302), (258, 314), (264, 370), (265, 338), (265, 368), (285, 368), (302, 369), (314, 536), (318, 493), (338, 810), (341, 810), (341, 616), (347, 591), (355, 485), (355, 608), (359, 618), (361, 551), (368, 602), (369, 525), (369, 592), (419, 506), (429, 810), (451, 814), (451, 636), (482, 778), (485, 675), (485, 787), (493, 799), (506, 790), (525, 753), (525, 704), (536, 768), (551, 867), (570, 779), (591, 714), (592, 817), (592, 770), (598, 719), (608, 662), (618, 813), (618, 671), (636, 909), (636, 950), (662, 943), (671, 1104), (671, 872), (675, 1007), (675, 943), (704, 980), (714, 972), (715, 943), (719, 941), (749, 867), (749, 998), (770, 1128), (770, 950), (778, 867), (778, 989), (779, 1099), (779, 872), (787, 1007), (790, 866), (799, 866), (810, 1010), (813, 889), (813, 920), (814, 981), (814, 1156), (817, 950), (817, 1156), (866, 1266), (867, 1143), (872, 1103), (889, 1103), (889, 1153), (919, 1104), (920, 1149), (920, 1103), (941, 1143), (950, 1156), (955, 1143), (980, 1156), (981, 1156), (989, 1143), (989, 1156), (998, 1143), (998, 1103), (1099, 1128), (1103, 1149), (1103, 1156), (1143, 1173), (1149, 1214), (1153, 1170)]
	Crossbar: 17
	Rows: 110
	Columns: 126
	Nodes: [1, 57, 114, 151, 157, 187, 205, 209, 212, 214, 312, 333, 363, 384, 398, 428, 442, 445, 452, 506, 514, 517, 529, 535, 549, 565, 574, 579, 595, 602, 617, 657, 691, 699, 706, 722, 733, 735, 759, 760, 761, 771, 776, 777, 783, 805, 807, 812, 823, 824, 825, 851, 852, 858, 859, 888, 891, 900, 910, 924, 930, 932, 934, 937, 939, 943, 960, 961, 964, 983, 986, 988, 1007, 1011, 1012, 1014, 1020, 1030, 1032, 1034, 1041, 1068, 1075, 1087, 1100, 1102, 1110, 1122, 1127, 1131, 1132, 1134, 1139, 1151, 1162, 1164, 1180, 1188, 1205, 1206, 1213, 1214, 1238, 1246, 1250, 1259, 1290, 1293, 1295, 1300]
	Edges: [(1, 57), (57, 1300), (114, 187), (151, 214), (157, 209), (187, 212), (205, 428), (209, 363), (212, 398), (212, 312), (214, 333), (312, 514), (333, 442), (363, 517), (363, 452), (384, 549), (398, 565), (398, 595), (428, 617), (428, 506), (442, 452), (442, 445), (445, 452), (452, 823), (514, 760), (514, 735), (529, 706), (535, 783), (549, 776), (574, 657), (574, 825), (579, 722), (595, 777), (602, 759), (617, 691), (617, 761), (657, 932), (657, 937), (691, 852), (691, 937), (699, 964), (706, 964), (722, 1007), (722, 934), (733, 888), (733, 1300), (735, 988), (759, 910), (760, 983), (761, 937), (761, 910), (771, 930), (776, 930), (777, 859), (783, 1134), (783, 900), (805, 858), (807, 964), (807, 1110), (812, 1122), (812, 961), (823, 851), (823, 932), (824, 891), (824, 960), (825, 937), (825, 986), (858, 1139), (859, 1295), (859, 1014), (888, 1300), (888, 1011), (900, 1139), (900, 1300), (924, 1075), (924, 1041), (930, 1014), (934, 1295), (934, 1300), (939, 1110), (943, 1295), (960, 1300), (960, 1007), (961, 1300), (961, 1162), (964, 1110), (983, 1012), (983, 1300), (988, 1012), (1011, 1300), (1014, 1020), (1020, 1030), (1030, 1032), (1032, 1293), (1034, 1300), (1034, 1293), (1041, 1068), (1041, 1110), (1075, 1110), (1087, 1164), (1100, 1151), (1100, 1164), (1102, 1131), (1122, 1300), (1122, 1290), (1127, 1300), (1127, 1214), (1131, 1206), (1132, 1180), (1134, 1180), (1162, 1300), (1162, 1213), (1164, 1188), (1180, 1206), (1205, 1238), (1205, 1300), (1206, 1246), (1206, 1300), (1213, 1300), (1214, 1250), (1214, 1300), (1246, 1259), (1246, 1300), (1290, 1300), (1293, 1300), (1295, 1300)]
	Crossbar: 18
	Rows: 107
	Columns: 125
	Nodes: [9, 18, 22, 43, 61, 63, 71, 76, 110, 165, 195, 249, 254, 268, 328, 345, 352, 356, 390, 413, 414, 423, 424, 440, 450, 476, 484, 489, 498, 499, 530, 538, 558, 565, 566, 567, 569, 580, 601, 609, 619, 633, 641, 656, 664, 674, 693, 696, 711, 715, 725, 747, 751, 774, 786, 794, 805, 811, 835, 844, 849, 852, 859, 864, 887, 894, 898, 902, 916, 926, 933, 951, 997, 1006, 1023, 1106, 1115, 1134, 1142, 1153, 1156, 1159, 1166, 1200, 1207, 1208, 1217, 1220, 1229, 1234, 1235, 1236, 1245, 1249, 1254, 1263, 1266, 1270, 1272, 1273, 1280, 1286, 1287, 1291, 1296, 1298, 1300]
	Edges: [(9, 63), (18, 43), (22, 61), (43, 76), (61, 1300), (61, 71), (110, 195), (165, 254), (195, 249), (249, 352), (249, 424), (254, 356), (268, 423), (328, 601), (345, 619), (352, 489), (356, 498), (390, 450), (413, 567), (414, 538), (423, 569), (424, 580), (424, 499), (440, 566), (450, 711), (450, 1300), (476, 693), (484, 794), (484, 805), (489, 641), (489, 774), (498, 656), (499, 844), (499, 674), (530, 664), (530, 725), (538, 696), (538, 835), (558, 674), (565, 715), (565, 811), (566, 674), (566, 725), (567, 664), (567, 1300), (569, 674), (569, 747), (580, 835), (580, 747), (601, 747), (609, 751), (619, 674), (619, 633), (656, 1106), (664, 852), (664, 1300), (674, 852), (693, 926), (693, 902), (696, 933), (711, 852), (711, 1023), (715, 1006), (747, 997), (751, 1300), (751, 894), (774, 859), (774, 1300), (786, 852), (794, 898), (805, 864), (811, 1006), (835, 852), (844, 951), (849, 1142), (864, 1300), (887, 1023), (894, 1300), (898, 1134), (898, 1115), (902, 1153), (902, 1156), (916, 1296), (926, 1153), (933, 1300), (951, 1234), (997, 1300), (997, 1296), (1106, 1300), (1115, 1300), (1115, 1207), (1142, 1207), (1159, 1300), (1159, 1220), (1166, 1200), (1200, 1245), (1200, 1291), (1207, 1254), (1208, 1249), (1217, 1234), (1220, 1229), (1220, 1300), (1229, 1280), (1229, 1272), (1234, 1300), (1234, 1266), (1235, 1266), (1236, 1272), (1245, 1270), (1245, 1291), (1249, 1287), (1249, 1273), (1254, 1263), (1263, 1291), (1266, 1300), (1270, 1291), (1273, 1287), (1280, 1287), (1280, 1286), (1286, 1291), (1287, 1300), (1287, 1291), (1296, 1298), (1296, 1300), (1298, 1300)]
	Crossbar: 19
	Rows: 69
	Columns: 72
	Nodes: [3, 31, 48, 62, 81, 127, 324, 370, 463, 503, 521, 532, 594, 612, 620, 632, 652, 678, 685, 705, 730, 743, 768, 806, 819, 838, 854, 875, 896, 907, 918, 946, 968, 969, 982, 984, 994, 1009, 1046, 1053, 1054, 1056, 1057, 1066, 1069, 1083, 1087, 1090, 1094, 1096, 1100, 1109, 1119, 1121, 1143, 1147, 1156, 1161, 1166, 1188, 1189, 1190, 1191, 1211, 1212, 1216, 1217, 1241, 1252]
	Edges: [(3, 62), (31, 48), (48, 81), (81, 127), (324, 612), (370, 532), (370, 521), (463, 730), (503, 632), (503, 685), (521, 743), (521, 819), (594, 705), (612, 806), (620, 652), (632, 918), (652, 875), (652, 1156), (678, 896), (705, 854), (730, 946), (730, 1147), (743, 984), (768, 984), (806, 982), (806, 968), (819, 1009), (838, 969), (854, 1046), (875, 1156), (875, 1143), (896, 1054), (907, 1054), (918, 1094), (918, 1166), (946, 1147), (968, 1056), (968, 1066), (969, 1053), (969, 1096), (982, 1066), (984, 1009), (994, 1069), (1009, 1119), (1046, 1057), (1046, 1096), (1053, 1090), (1053, 1096), (1054, 1109), (1056, 1121), (1057, 1083), (1057, 1096), (1066, 1121), (1069, 1087), (1069, 1121), (1087, 1161), (1090, 1096), (1090, 1100), (1096, 1119), (1109, 1121), (1109, 1119), (1121, 1217), (1156, 1216), (1161, 1190), (1188, 1211), (1188, 1217), (1189, 1212), (1189, 1217), (1190, 1217), (1191, 1217), (1211, 1252), (1212, 1241)]
