Benchmark: seq
Inputs: 41
Outputs: 35
BDD type: SBDD
BDD construct time (s): 0.6906547546386719
	Output variables: f0, f1, f2, f3, f4, f5, f6, f7, f8, f9, f10, f11, f12, f13, f14, f15, f16, f17, f18, f19, f20, f21, f22, f23, f24, f25, f26, f27, f28, f29, f30, f31, f32, f33, f34
	Nodes: 1302
	Edges: 2600
	BDD show time (s): 0.21428775787353516
Partition alpha: 0.5
Partition D: 512
Partition K: 5
Partition ILP time (s): 3602.666954755783
Partition status: Optimal
Partition objective S: 767.0
N: 5
I: 1529
Roots: [0, 1, 2, 3, 4, 5, 6, 7, 8, 9, 10, 11, 12, 13, 14, 15, 16, 17, 18, 19, 20, 21, 22, 23, 24, 25, 26, 27, 28, 29, 30, 31, 32, 33, 34]
Terminal: [1300]
Gap (%): 14.93
	Crossbar: 0
	Rows: 386
	Columns: 508
	Nodes: [3, 5, 10, 11, 12, 15, 26, 27, 30, 31, 32, 38, 41, 48, 52, 53, 54, 56, 58, 62, 65, 68, 69, 72, 77, 81, 83, 86, 87, 89, 91, 92, 97, 100, 103, 105, 109, 110, 114, 121, 122, 123, 126, 127, 129, 137, 140, 152, 153, 156, 159, 161, 164, 168, 169, 170, 173, 174, 175, 177, 178, 184, 187, 192, 196, 198, 199, 201, 204, 212, 216, 217, 218, 220, 238, 242, 243, 246, 247, 250, 251, 253, 256, 257, 260, 263, 266, 267, 268, 270, 272, 274, 276, 278, 282, 283, 284, 286, 290, 292, 295, 303, 304, 308, 309, 311, 313, 316, 321, 322, 323, 326, 329, 331, 339, 340, 342, 343, 344, 348, 349, 353, 354, 355, 357, 366, 376, 379, 380, 385, 386, 387, 388, 389, 390, 391, 392, 397, 398, 403, 404, 407, 420, 421, 422, 432, 438, 448, 451, 454, 462, 463, 468, 469, 471, 473, 474, 476, 477, 479, 481, 485, 502, 505, 507, 508, 509, 511, 516, 518, 524, 528, 529, 533, 534, 538, 539, 541, 542, 544, 545, 547, 550, 553, 556, 561, 564, 565, 568, 573, 582, 584, 588, 590, 595, 600, 605, 606, 608, 609, 610, 611, 614, 620, 621, 624, 627, 628, 631, 636, 638, 641, 642, 644, 652, 659, 661, 662, 663, 667, 669, 674, 675, 677, 688, 692, 693, 696, 701, 702, 703, 707, 715, 717, 720, 722, 726, 731, 738, 742, 748, 751, 754, 755, 766, 769, 772, 773, 777, 780, 781, 784, 785, 787, 789, 792, 800, 801, 804, 811, 814, 815, 816, 818, 822, 824, 826, 827, 828, 833, 834, 835, 840, 847, 848, 852, 853, 859, 863, 871, 873, 874, 875, 884, 886, 887, 889, 890, 891, 893, 894, 897, 902, 903, 906, 924, 925, 926, 928, 932, 933, 934, 940, 942, 943, 947, 949, 953, 960, 962, 963, 965, 966, 973, 977, 979, 981, 985, 992, 996, 1001, 1002, 1006, 1007, 1008, 1011, 1015, 1021, 1023, 1028, 1036, 1041, 1042, 1043, 1045, 1046, 1047, 1057, 1058, 1060, 1063, 1064, 1065, 1068, 1072, 1073, 1074, 1076, 1077, 1080, 1086, 1088, 1092, 1094, 1095, 1103, 1110, 1119, 1126, 1129, 1130, 1132, 1134, 1137, 1143, 1144, 1148, 1152, 1153, 1156, 1159, 1161, 1168, 1170, 1175, 1176, 1180, 1190, 1194, 1200, 1217, 1219, 1220, 1222, 1295, 1300]
	Edges: [(3, 62), (5, 69), (10, 68), (11, 65), (12, 52), (15, 41), (26, 38), (27, 53), (30, 56), (31, 48), (32, 54), (38, 1300), (38, 92), (41, 1300), (41, 97), (48, 81), (52, 86), (53, 87), (54, 1300), (54, 103), (56, 89), (58, 91), (62, 1300), (62, 72), (65, 1300), (65, 77), (68, 1300), (68, 83), (69, 100), (72, 123), (77, 122), (81, 127), (83, 121), (86, 129), (87, 126), (91, 140), (97, 109), (100, 137), (103, 114), (105, 196), (105, 169), (109, 175), (109, 174), (110, 177), (114, 187), (114, 192), (121, 173), (121, 168), (122, 170), (123, 159), (123, 152), (126, 199), (126, 178), (127, 153), (127, 201), (129, 161), (129, 184), (137, 198), (140, 156), (140, 204), (152, 216), (152, 247), (153, 246), (156, 270), (159, 266), (159, 257), (161, 217), (164, 266), (168, 278), (168, 253), (169, 243), (169, 251), (170, 266), (174, 284), (174, 218), (177, 282), (177, 220), (178, 272), (178, 267), (184, 260), (184, 274), (187, 212), (192, 256), (192, 242), (196, 286), (198, 263), (199, 266), (199, 268), (201, 238), (212, 398), (216, 311), (217, 380), (218, 323), (218, 303), (220, 388), (238, 344), (242, 339), (242, 295), (243, 422), (246, 421), (247, 392), (247, 290), (250, 331), (251, 354), (256, 343), (257, 340), (257, 391), (260, 348), (263, 387), (266, 379), (267, 326), (267, 304), (272, 313), (274, 322), (276, 292), (278, 353), (282, 407), (283, 389), (283, 308), (284, 397), (286, 355), (286, 404), (290, 357), (290, 309), (292, 403), (292, 376), (295, 385), (295, 342), (303, 357), (303, 316), (304, 349), (304, 321), (308, 366), (308, 329), (309, 454), (309, 518), (311, 448), (311, 529), (313, 542), (313, 590), (316, 476), (316, 451), (321, 511), (321, 541), (322, 631), (322, 610), (323, 534), (326, 627), (326, 524), (329, 507), (329, 463), (331, 508), (331, 479), (339, 568), (340, 547), (340, 432), (342, 533), (342, 463), (343, 584), (343, 477), (344, 663), (348, 474), (348, 600), (349, 539), (349, 505), (354, 542), (355, 485), (355, 608), (357, 556), (357, 505), (366, 609), (366, 550), (379, 542), (380, 588), (380, 642), (385, 561), (385, 544), (386, 471), (387, 573), (388, 606), (388, 621), (390, 564), (391, 469), (391, 473), (392, 605), (392, 553), (397, 624), (398, 565), (398, 595), (403, 582), (403, 544), (404, 573), (407, 528), (407, 611), (420, 545), (420, 481), (421, 731), (422, 462), (422, 614), (432, 642), (432, 438), (438, 642), (438, 516), (448, 833), (448, 835), (451, 814), (451, 636), (454, 792), (462, 662), (463, 754), (468, 815), (469, 641), (471, 644), (471, 738), (474, 833), (474, 641), (476, 669), (476, 693), (477, 818), (477, 717), (479, 780), (481, 642), (485, 675), (485, 787), (502, 773), (502, 641), (505, 1119), (505, 784), (507, 692), (507, 703), (508, 840), (509, 766), (516, 642), (524, 641), (524, 834), (528, 662), (533, 827), (533, 703), (534, 826), (538, 835), (539, 816), (539, 1119), (542, 835), (544, 1144), (544, 804), (545, 785), (545, 667), (547, 835), (547, 738), (550, 1300), (550, 707), (553, 773), (553, 688), (556, 661), (556, 1119), (561, 772), (561, 1144), (564, 726), (564, 659), (565, 715), (565, 811), (568, 815), (568, 835), (573, 674), (582, 742), (584, 662), (584, 674), (588, 677), (588, 667), (590, 822), (590, 701), (595, 777), (600, 720), (605, 769), (605, 755), (606, 800), (606, 835), (608, 641), (608, 662), (609, 751), (609, 1300), (610, 773), (610, 828), (611, 824), (611, 748), (614, 702), (614, 748), (620, 652), (621, 738), (621, 789), (624, 642), (624, 835), (627, 801), (627, 674), (628, 677), (628, 781), (631, 800), (631, 738), (638, 1007), (641, 932), (642, 1300), (644, 932), (644, 942), (652, 875), (652, 1156), (659, 940), (659, 1008), (661, 1119), (661, 928), (662, 943), (663, 847), (667, 1008), (667, 932), (674, 852), (675, 1007), (675, 943), (677, 874), (677, 852), (692, 1144), (692, 884), (693, 926), (693, 902), (696, 933), (701, 963), (702, 886), (703, 1144), (703, 890), (707, 1180), (707, 1300), (715, 1006), (715, 943), (717, 1006), (720, 891), (722, 1007), (722, 934), (726, 848), (726, 953), (731, 847), (738, 932), (742, 1144), (742, 965), (748, 887), (748, 1007), (751, 894), (754, 1130), (755, 852), (755, 932), (766, 1300), (766, 906), (769, 932), (769, 1110), (772, 1144), (772, 966), (773, 1300), (777, 859), (780, 1001), (780, 985), (781, 963), (781, 932), (784, 1132), (784, 1119), (785, 1008), (785, 852), (787, 1007), (789, 893), (789, 863), (792, 977), (800, 924), (801, 947), (801, 1002), (804, 1134), (804, 1144), (811, 1006), (814, 981), (814, 1156), (815, 853), (815, 1144), (816, 1119), (816, 949), (818, 871), (818, 903), (822, 925), (822, 874), (824, 891), (824, 960), (827, 1144), (827, 962), (828, 893), (828, 897), (833, 940), (834, 873), (834, 979), (835, 852), (840, 973), (847, 853), (848, 1080), (859, 1295), (863, 1068), (871, 1144), (873, 1043), (873, 1300), (874, 1008), (875, 1156), (875, 1143), (884, 1130), (884, 1137), (886, 1007), (887, 1023), (889, 1153), (890, 1144), (891, 1088), (893, 1045), (894, 1180), (894, 1300), (897, 1065), (897, 1068), (902, 1153), (902, 1156), (903, 1006), (906, 1011), (906, 1300), (924, 1041), (925, 1094), (925, 1300), (926, 1153), (928, 1152), (934, 1295), (934, 1300), (940, 1023), (943, 1295), (949, 1132), (949, 1119), (953, 1300), (953, 1008), (960, 1300), (960, 1007), (962, 1159), (962, 1137), (963, 1008), (965, 1134), (965, 1144), (966, 1148), (966, 1144), (973, 1074), (973, 1042), (979, 1063), (979, 1094), (981, 1156), (981, 1119), (985, 1058), (992, 1047), (996, 1103), (1001, 1036), (1006, 1021), (1006, 1144), (1007, 1021), (1011, 1300), (1011, 1144), (1015, 1300), (1021, 1028), (1036, 1074), (1036, 1076), (1041, 1068), (1041, 1110), (1042, 1058), (1042, 1060), (1043, 1072), (1043, 1094), (1045, 1068), (1046, 1057), (1058, 1077), (1063, 1119), (1063, 1126), (1064, 1110), (1065, 1094), (1068, 1088), (1068, 1110), (1072, 1086), (1072, 1094), (1073, 1094), (1074, 1161), (1076, 1092), (1077, 1161), (1088, 1095), (1088, 1110), (1092, 1161), (1092, 1129), (1129, 1194), (1130, 1180), (1130, 1175), (1132, 1180), (1134, 1180), (1137, 1300), (1137, 1200), (1148, 1300), (1148, 1176), (1153, 1170), (1159, 1300), (1159, 1220), (1161, 1190), (1168, 1176), (1168, 1222), (1175, 1220), (1180, 1300), (1190, 1217), (1194, 1219), (1194, 1217), (1295, 1300)]
	Crossbar: 1
	Rows: 341
	Columns: 476
	Nodes: [2, 4, 6, 9, 22, 23, 24, 26, 29, 33, 35, 40, 45, 49, 50, 55, 61, 63, 64, 71, 73, 74, 79, 84, 85, 88, 92, 95, 96, 102, 105, 107, 108, 110, 115, 118, 128, 130, 138, 145, 147, 148, 160, 164, 179, 181, 185, 188, 195, 207, 220, 221, 222, 231, 258, 259, 264, 273, 274, 277, 279, 291, 294, 297, 298, 299, 301, 305, 314, 327, 332, 334, 335, 350, 370, 371, 374, 376, 377, 386, 400, 405, 409, 412, 425, 431, 449, 453, 454, 456, 458, 466, 467, 483, 484, 487, 492, 495, 501, 503, 518, 520, 521, 529, 532, 535, 536, 537, 541, 554, 557, 560, 563, 599, 603, 604, 615, 626, 632, 634, 640, 647, 653, 654, 655, 660, 672, 678, 679, 682, 684, 685, 686, 687, 688, 690, 695, 699, 706, 716, 727, 734, 736, 743, 751, 752, 762, 765, 767, 768, 783, 791, 794, 795, 796, 805, 807, 808, 819, 830, 836, 841, 843, 846, 849, 856, 858, 860, 862, 864, 865, 870, 876, 878, 879, 881, 882, 883, 892, 896, 898, 899, 900, 901, 907, 917, 918, 921, 924, 927, 928, 931, 939, 942, 945, 956, 957, 958, 959, 964, 970, 971, 974, 978, 984, 987, 992, 996, 999, 1002, 1004, 1009, 1037, 1038, 1044, 1045, 1046, 1050, 1051, 1052, 1054, 1056, 1057, 1059, 1060, 1061, 1062, 1065, 1067, 1075, 1078, 1079, 1081, 1083, 1084, 1085, 1086, 1089, 1093, 1094, 1095, 1096, 1097, 1105, 1108, 1109, 1110, 1111, 1112, 1113, 1114, 1115, 1116, 1117, 1118, 1119, 1120, 1121, 1126, 1133, 1134, 1138, 1139, 1142, 1143, 1144, 1146, 1150, 1152, 1154, 1155, 1158, 1160, 1163, 1166, 1167, 1169, 1170, 1171, 1172, 1173, 1174, 1175, 1176, 1181, 1182, 1183, 1184, 1185, 1186, 1187, 1192, 1193, 1196, 1197, 1198, 1199, 1200, 1204, 1205, 1207, 1208, 1209, 1210, 1215, 1218, 1219, 1221, 1222, 1227, 1228, 1229, 1230, 1236, 1238, 1240, 1243, 1245, 1248, 1249, 1254, 1255, 1262, 1263, 1267, 1268, 1269, 1270, 1271, 1272, 1273, 1274, 1279, 1280, 1282, 1283, 1286, 1287, 1291, 1294, 1300]
	Edges: [(2, 64), (2, 1300), (4, 55), (6, 40), (9, 63), (22, 61), (23, 35), (24, 45), (26, 95), (29, 50), (33, 49), (35, 102), (40, 74), (45, 79), (49, 84), (50, 85), (55, 88), (61, 1300), (61, 71), (63, 1300), (63, 73), (64, 96), (71, 107), (73, 115), (79, 138), (85, 118), (88, 108), (92, 110), (95, 1300), (96, 130), (96, 128), (102, 105), (107, 145), (108, 147), (108, 148), (110, 195), (115, 181), (118, 179), (128, 160), (128, 185), (130, 164), (138, 147), (138, 188), (145, 273), (148, 231), (148, 259), (160, 277), (164, 1300), (179, 221), (179, 222), (181, 207), (185, 264), (185, 258), (188, 231), (207, 386), (207, 299), (220, 301), (222, 350), (222, 297), (231, 335), (258, 314), (259, 409), (264, 370), (273, 425), (273, 291), (274, 298), (277, 374), (277, 371), (279, 305), (291, 400), (294, 412), (294, 334), (297, 405), (298, 327), (299, 431), (301, 377), (305, 332), (314, 536), (327, 503), (327, 557), (332, 483), (332, 603), (334, 453), (334, 560), (335, 467), (350, 599), (370, 532), (370, 521), (371, 563), (374, 501), (374, 456), (376, 484), (376, 535), (377, 604), (377, 537), (386, 554), (400, 466), (400, 603), (405, 483), (405, 495), (409, 449), (409, 492), (412, 520), (412, 458), (425, 615), (431, 487), (431, 626), (449, 679), (453, 796), (453, 762), (454, 791), (456, 846), (458, 808), (466, 672), (483, 672), (483, 974), (484, 794), (484, 805), (487, 672), (487, 956), (492, 640), (495, 682), (501, 716), (501, 752), (503, 632), (503, 685), (518, 807), (518, 699), (520, 836), (521, 743), (521, 819), (529, 706), (532, 843), (535, 647), (535, 783), (536, 768), (537, 727), (537, 690), (541, 841), (541, 830), (554, 678), (557, 767), (557, 660), (560, 655), (560, 734), (563, 684), (563, 634), (599, 653), (603, 654), (603, 682), (604, 765), (604, 736), (615, 686), (626, 687), (626, 682), (632, 918), (634, 921), (640, 927), (640, 1056), (647, 899), (647, 1139), (653, 942), (654, 879), (655, 860), (655, 1167), (660, 959), (660, 931), (672, 878), (678, 862), (678, 896), (679, 992), (682, 1158), (684, 921), (685, 956), (685, 901), (686, 870), (687, 882), (688, 964), (688, 970), (690, 1116), (690, 856), (695, 957), (699, 1112), (699, 964), (706, 964), (716, 1009), (716, 945), (727, 876), (727, 1126), (734, 1176), (734, 883), (736, 974), (736, 917), (743, 984), (751, 1300), (752, 1009), (762, 987), (762, 892), (765, 1150), (765, 978), (767, 958), (767, 959), (768, 984), (783, 1134), (783, 900), (791, 939), (794, 1144), (794, 898), (795, 865), (795, 996), (796, 1150), (796, 849), (805, 864), (805, 858), (807, 964), (807, 1110), (808, 1176), (819, 1009), (830, 1163), (836, 971), (841, 882), (841, 964), (843, 945), (846, 881), (849, 1176), (849, 1142), (856, 1126), (858, 1144), (858, 1139), (860, 1167), (860, 1154), (862, 1044), (862, 1300), (864, 1144), (864, 1300), (865, 1120), (870, 1044), (876, 1126), (876, 1155), (878, 1158), (879, 1155), (881, 1294), (881, 1004), (882, 1154), (883, 1167), (883, 1119), (892, 1154), (892, 1167), (896, 1054), (898, 1134), (898, 1115), (899, 1139), (899, 1144), (900, 1139), (900, 1300), (901, 1154), (901, 1094), (907, 1054), (917, 1155), (917, 1126), (918, 1094), (918, 1166), (921, 1009), (924, 1075), (927, 1038), (928, 1119), (931, 1094), (939, 1110), (942, 1051), (945, 1294), (956, 1154), (957, 1050), (957, 1037), (958, 1094), (958, 1154), (959, 1126), (959, 1094), (964, 1110), (970, 1054), (970, 1110), (971, 1176), (974, 1155), (978, 1116), (978, 1166), (984, 1009), (987, 1154), (987, 1119), (992, 1056), (996, 1120), (999, 1096), (1002, 1061), (1002, 1094), (1004, 1300), (1009, 1119), (1038, 1056), (1038, 1059), (1044, 1052), (1045, 1067), (1046, 1096), (1050, 1079), (1051, 1093), (1052, 1084), (1054, 1109), (1054, 1110), (1056, 1121), (1057, 1083), (1057, 1096), (1059, 1084), (1059, 1121), (1060, 1121), (1061, 1081), (1061, 1094), (1062, 1085), (1065, 1096), (1067, 1078), (1067, 1110), (1075, 1089), (1075, 1110), (1078, 1095), (1078, 1108), (1079, 1114), (1079, 1160), (1081, 1094), (1081, 1111), (1083, 1096), (1083, 1113), (1084, 1138), (1085, 1114), (1085, 1138), (1086, 1094), (1086, 1105), (1089, 1095), (1089, 1097), (1093, 1160), (1094, 1126), (1095, 1114), (1095, 1117), (1096, 1119), (1096, 1121), (1097, 1160), (1097, 1118), (1105, 1146), (1105, 1138), (1108, 1138), (1108, 1146), (1109, 1121), (1109, 1119), (1110, 1126), (1111, 1118), (1111, 1160), (1112, 1163), (1112, 1116), (1113, 1133), (1115, 1300), (1115, 1207), (1116, 1175), (1117, 1197), (1118, 1198), (1119, 1300), (1120, 1171), (1126, 1215), (1133, 1196), (1138, 1193), (1139, 1300), (1139, 1208), (1142, 1207), (1143, 1173), (1144, 1300), (1146, 1199), (1150, 1291), (1152, 1176), (1152, 1300), (1154, 1169), (1155, 1172), (1158, 1210), (1160, 1192), (1163, 1174), (1166, 1200), (1167, 1208), (1169, 1181), (1169, 1182), (1170, 1300), (1170, 1181), (1171, 1184), (1171, 1183), (1172, 1184), (1173, 1184), (1173, 1185), (1174, 1210), (1174, 1222), (1175, 1209), (1176, 1221), (1181, 1300), (1181, 1187), (1182, 1186), (1182, 1300), (1183, 1187), (1183, 1186), (1184, 1186), (1185, 1187), (1186, 1300), (1187, 1300), (1192, 1218), (1193, 1219), (1196, 1227), (1196, 1300), (1197, 1300), (1197, 1215), (1198, 1204), (1198, 1215), (1199, 1205), (1199, 1215), (1200, 1245), (1200, 1291), (1204, 1248), (1204, 1300), (1205, 1238), (1205, 1300), (1207, 1254), (1208, 1249), (1209, 1236), (1209, 1300), (1210, 1230), (1215, 1300), (1218, 1243), (1219, 1228), (1221, 1240), (1222, 1255), (1227, 1300), (1228, 1279), (1228, 1271), (1229, 1280), (1229, 1272), (1230, 1262), (1230, 1274), (1236, 1262), (1236, 1272), (1238, 1279), (1238, 1269), (1240, 1274), (1243, 1283), (1243, 1268), (1245, 1270), (1245, 1291), (1248, 1283), (1248, 1267), (1249, 1287), (1249, 1273), (1254, 1263), (1255, 1280), (1255, 1274), (1262, 1280), (1263, 1291), (1267, 1283), (1267, 1300), (1268, 1283), (1269, 1279), (1269, 1300), (1270, 1291), (1271, 1279), (1272, 1280), (1272, 1300), (1273, 1287), (1274, 1280), (1279, 1283), (1279, 1282), (1280, 1287), (1280, 1286), (1282, 1291), (1283, 1300), (1283, 1291), (1286, 1291), (1287, 1300), (1287, 1291), (1291, 1300), (1294, 1300)]
	Crossbar: 2
	Rows: 380
	Columns: 511
	Nodes: [0, 13, 21, 25, 28, 37, 39, 59, 60, 66, 70, 84, 90, 93, 94, 99, 106, 117, 120, 132, 139, 142, 143, 144, 146, 147, 149, 151, 157, 158, 173, 181, 191, 193, 195, 197, 203, 204, 206, 208, 209, 211, 214, 217, 224, 226, 228, 230, 234, 235, 237, 240, 245, 249, 250, 253, 255, 265, 268, 269, 271, 278, 279, 285, 288, 289, 293, 294, 296, 300, 302, 306, 318, 323, 324, 330, 333, 336, 338, 345, 347, 352, 354, 359, 361, 362, 363, 367, 368, 369, 375, 383, 384, 393, 394, 401, 402, 406, 416, 417, 420, 423, 424, 426, 434, 436, 437, 441, 442, 444, 445, 446, 452, 457, 459, 464, 470, 472, 475, 478, 481, 482, 488, 489, 490, 493, 499, 504, 515, 519, 522, 525, 526, 527, 531, 540, 543, 546, 549, 551, 552, 562, 569, 570, 576, 578, 579, 580, 581, 591, 592, 596, 597, 598, 612, 618, 619, 620, 628, 629, 630, 633, 636, 637, 638, 641, 646, 669, 671, 674, 676, 680, 681, 695, 697, 700, 704, 705, 714, 719, 722, 723, 728, 733, 737, 740, 741, 744, 745, 749, 753, 756, 757, 770, 771, 773, 774, 776, 778, 779, 790, 795, 797, 799, 803, 806, 809, 810, 813, 817, 823, 826, 829, 831, 835, 837, 838, 839, 842, 844, 850, 851, 852, 854, 855, 859, 866, 867, 869, 872, 877, 880, 888, 889, 904, 905, 907, 909, 912, 919, 920, 922, 929, 930, 932, 936, 938, 940, 941, 947, 950, 951, 955, 967, 968, 969, 972, 975, 976, 980, 982, 989, 990, 994, 995, 998, 1000, 1012, 1014, 1015, 1018, 1020, 1023, 1025, 1030, 1031, 1032, 1034, 1037, 1039, 1040, 1046, 1047, 1048, 1049, 1055, 1056, 1062, 1064, 1066, 1069, 1070, 1071, 1073, 1077, 1080, 1082, 1087, 1091, 1096, 1098, 1099, 1100, 1102, 1103, 1104, 1109, 1113, 1114, 1121, 1122, 1123, 1125, 1127, 1128, 1131, 1135, 1136, 1140, 1141, 1143, 1145, 1149, 1156, 1157, 1161, 1164, 1165, 1177, 1178, 1179, 1180, 1188, 1189, 1191, 1201, 1202, 1206, 1211, 1212, 1213, 1214, 1216, 1217, 1223, 1224, 1225, 1227, 1231, 1234, 1235, 1237, 1239, 1241, 1242, 1244, 1246, 1247, 1250, 1252, 1253, 1256, 1258, 1259, 1260, 1261, 1265, 1266, 1275, 1276, 1277, 1278, 1281, 1284, 1285, 1288, 1289, 1290, 1293, 1300]
	Edges: [(0, 37), (13, 39), (21, 60), (25, 59), (28, 66), (37, 1300), (37, 90), (39, 70), (59, 93), (60, 94), (66, 99), (70, 139), (84, 132), (93, 120), (94, 106), (99, 117), (106, 144), (106, 146), (117, 144), (117, 143), (120, 151), (132, 191), (132, 203), (139, 142), (139, 158), (142, 234), (143, 240), (143, 206), (144, 269), (146, 228), (146, 245), (147, 265), (149, 235), (151, 214), (151, 237), (157, 279), (158, 278), (158, 226), (173, 234), (181, 224), (191, 285), (193, 288), (195, 249), (197, 271), (203, 228), (203, 250), (204, 289), (206, 402), (206, 306), (208, 384), (209, 363), (211, 417), (214, 333), (217, 318), (224, 345), (226, 416), (226, 296), (228, 330), (230, 406), (230, 293), (235, 362), (235, 296), (237, 383), (240, 347), (245, 362), (245, 302), (249, 352), (249, 424), (253, 324), (253, 296), (255, 420), (265, 338), (265, 368), (268, 375), (268, 423), (271, 336), (271, 294), (279, 367), (285, 368), (288, 393), (289, 401), (289, 300), (293, 394), (296, 426), (300, 359), (302, 369), (306, 361), (318, 470), (318, 493), (323, 576), (324, 578), (324, 612), (330, 464), (333, 490), (333, 442), (336, 478), (336, 522), (338, 810), (345, 472), (345, 619), (347, 591), (352, 579), (352, 489), (354, 630), (359, 475), (359, 618), (361, 551), (361, 598), (362, 504), (362, 629), (363, 452), (367, 540), (367, 519), (369, 525), (369, 592), (375, 628), (375, 434), (383, 441), (383, 437), (384, 549), (393, 490), (394, 526), (394, 570), (401, 543), (401, 546), (402, 596), (402, 515), (406, 527), (416, 459), (416, 629), (417, 597), (417, 562), (423, 569), (424, 580), (424, 499), (426, 482), (426, 620), (434, 490), (436, 490), (437, 488), (437, 446), (441, 581), (441, 444), (442, 452), (442, 445), (444, 581), (445, 452), (445, 630), (446, 488), (452, 823), (457, 829), (459, 637), (459, 674), (464, 756), (470, 700), (472, 697), (472, 835), (475, 757), (475, 795), (478, 744), (478, 829), (481, 771), (482, 753), (482, 778), (488, 680), (489, 641), (489, 774), (493, 799), (499, 844), (499, 674), (504, 637), (515, 737), (519, 741), (522, 773), (522, 681), (525, 753), (525, 704), (526, 837), (526, 749), (527, 838), (531, 809), (540, 695), (543, 723), (546, 674), (546, 797), (549, 776), (551, 867), (552, 646), (552, 641), (562, 773), (562, 1300), (569, 674), (570, 842), (570, 779), (576, 773), (576, 728), (578, 745), (579, 722), (579, 638), (580, 835), (581, 676), (591, 714), (592, 817), (592, 770), (596, 737), (597, 733), (597, 829), (598, 719), (612, 806), (618, 813), (618, 671), (619, 674), (619, 633), (620, 770), (629, 740), (633, 940), (636, 909), (636, 950), (637, 994), (638, 932), (646, 852), (646, 951), (669, 1145), (669, 990), (671, 1104), (671, 872), (676, 880), (680, 855), (680, 877), (681, 850), (681, 907), (697, 1023), (704, 980), (705, 854), (705, 904), (714, 972), (719, 941), (723, 947), (723, 967), (728, 976), (728, 968), (733, 888), (733, 1300), (737, 912), (740, 938), (740, 968), (741, 936), (741, 877), (744, 869), (744, 880), (745, 967), (749, 867), (749, 998), (753, 1145), (753, 995), (756, 905), (757, 1145), (757, 919), (770, 1128), (770, 950), (771, 930), (771, 1300), (774, 859), (774, 1300), (776, 930), (778, 867), (778, 989), (779, 1099), (779, 872), (790, 866), (797, 929), (797, 922), (799, 852), (799, 866), (803, 975), (806, 982), (806, 968), (809, 905), (809, 975), (813, 889), (813, 920), (817, 950), (817, 1156), (823, 851), (823, 932), (826, 947), (826, 994), (829, 1300), (829, 932), (831, 947), (831, 1300), (837, 1145), (837, 1000), (838, 947), (838, 969), (839, 932), (842, 955), (842, 1103), (844, 951), (850, 1049), (850, 1300), (851, 1080), (852, 1300), (854, 1046), (855, 1049), (859, 1014), (866, 1266), (867, 1143), (869, 1300), (869, 1015), (872, 1103), (877, 1049), (880, 1049), (880, 1037), (888, 1300), (889, 1103), (904, 1073), (904, 1096), (905, 1077), (907, 1049), (909, 1102), (909, 1135), (912, 1070), (919, 1104), (919, 1136), (920, 1149), (920, 1103), (922, 1064), (922, 1066), (929, 1048), (929, 1300), (930, 1014), (936, 1040), (938, 1048), (941, 1143), (947, 1015), (950, 1156), (951, 1234), (955, 1103), (955, 1143), (967, 1066), (967, 1039), (968, 1056), (968, 1066), (972, 1091), (975, 1300), (975, 1018), (976, 1066), (976, 1300), (980, 1156), (982, 1066), (989, 1143), (989, 1156), (990, 1123), (990, 1098), (994, 1069), (994, 1039), (995, 1128), (995, 1145), (998, 1143), (998, 1103), (1000, 1099), (1000, 1136), (1012, 1023), (1014, 1020), (1020, 1030), (1025, 1300), (1025, 1031), (1030, 1032), (1031, 1034), (1032, 1293), (1034, 1300), (1034, 1293), (1037, 1049), (1039, 1066), (1039, 1121), (1040, 1062), (1040, 1049), (1047, 1056), (1047, 1055), (1048, 1071), (1048, 1066), (1049, 1080), (1055, 1080), (1055, 1121), (1064, 1109), (1066, 1077), (1066, 1121), (1069, 1087), (1069, 1121), (1070, 1091), (1071, 1082), (1071, 1121), (1073, 1096), (1077, 1121), (1080, 1114), (1082, 1161), (1082, 1140), (1087, 1161), (1087, 1164), (1091, 1114), (1098, 1141), (1098, 1136), (1099, 1125), (1099, 1128), (1100, 1164), (1102, 1135), (1102, 1131), (1103, 1149), (1103, 1156), (1104, 1157), (1104, 1165), (1113, 1140), (1114, 1191), (1121, 1217), (1122, 1290), (1123, 1177), (1125, 1201), (1127, 1300), (1127, 1214), (1128, 1202), (1131, 1206), (1135, 1225), (1136, 1213), (1140, 1189), (1145, 1290), (1149, 1214), (1156, 1216), (1157, 1178), (1164, 1188), (1165, 1179), (1177, 1217), (1177, 1225), (1178, 1201), (1178, 1223), (1179, 1202), (1179, 1224), (1180, 1206), (1188, 1211), (1188, 1217), (1189, 1212), (1189, 1217), (1191, 1217), (1201, 1231), (1202, 1239), (1206, 1246), (1206, 1300), (1211, 1252), (1212, 1241), (1213, 1300), (1214, 1250), (1214, 1300), (1216, 1253), (1217, 1234), (1223, 1242), (1223, 1300), (1224, 1244), (1225, 1235), (1227, 1237), (1231, 1281), (1231, 1259), (1234, 1300), (1234, 1266), (1235, 1259), (1235, 1266), (1237, 1278), (1237, 1277), (1239, 1281), (1239, 1261), (1241, 1278), (1241, 1256), (1242, 1265), (1242, 1259), (1244, 1265), (1244, 1261), (1246, 1259), (1246, 1300), (1247, 1285), (1247, 1275), (1250, 1289), (1250, 1258), (1252, 1285), (1252, 1276), (1253, 1289), (1253, 1260), (1256, 1278), (1258, 1289), (1258, 1300), (1259, 1281), (1259, 1300), (1260, 1289), (1261, 1281), (1265, 1300), (1265, 1281), (1266, 1300), (1275, 1285), (1275, 1300), (1276, 1285), (1277, 1278), (1277, 1300), (1278, 1285), (1278, 1284), (1281, 1289), (1281, 1288), (1284, 1290), (1285, 1290), (1288, 1290), (1288, 1300), (1289, 1290), (1290, 1300), (1293, 1300)]
	Crossbar: 3
	Rows: 389
	Columns: 512
	Nodes: [7, 8, 14, 16, 17, 18, 19, 20, 34, 36, 42, 43, 44, 46, 47, 51, 58, 67, 74, 75, 76, 78, 80, 82, 89, 90, 98, 101, 104, 111, 112, 113, 115, 116, 119, 122, 124, 125, 130, 131, 133, 134, 135, 136, 141, 142, 149, 150, 154, 155, 157, 162, 163, 165, 166, 167, 170, 171, 172, 175, 176, 180, 182, 183, 186, 189, 190, 193, 194, 197, 200, 202, 204, 205, 208, 209, 210, 211, 212, 213, 215, 219, 221, 223, 225, 227, 229, 230, 232, 233, 234, 236, 239, 241, 244, 248, 251, 252, 254, 255, 261, 262, 266, 269, 270, 275, 276, 280, 281, 283, 287, 307, 310, 312, 315, 317, 319, 320, 325, 328, 337, 339, 341, 346, 351, 353, 356, 358, 360, 363, 364, 365, 368, 372, 373, 378, 381, 382, 389, 390, 395, 396, 397, 399, 406, 408, 410, 411, 413, 414, 415, 418, 419, 423, 427, 428, 429, 430, 433, 434, 435, 436, 439, 440, 443, 447, 450, 455, 457, 460, 461, 463, 465, 467, 468, 473, 480, 486, 490, 491, 494, 496, 497, 498, 500, 502, 506, 509, 510, 511, 512, 513, 514, 517, 523, 528, 530, 531, 538, 547, 548, 552, 555, 558, 559, 566, 567, 569, 571, 572, 574, 575, 577, 580, 582, 583, 585, 586, 587, 589, 593, 594, 601, 602, 607, 613, 616, 617, 622, 623, 625, 630, 635, 639, 641, 642, 643, 645, 648, 649, 650, 651, 656, 657, 658, 664, 665, 666, 668, 670, 673, 674, 683, 689, 691, 694, 696, 698, 700, 705, 708, 709, 710, 711, 712, 713, 718, 721, 724, 725, 729, 730, 732, 735, 738, 739, 746, 747, 750, 754, 758, 759, 760, 761, 763, 764, 775, 782, 786, 788, 790, 793, 798, 802, 810, 812, 820, 821, 825, 831, 832, 839, 845, 852, 853, 857, 861, 868, 871, 885, 888, 890, 895, 905, 906, 908, 910, 911, 913, 914, 915, 916, 923, 932, 933, 935, 937, 944, 946, 948, 952, 954, 961, 974, 977, 983, 986, 988, 991, 993, 997, 1003, 1005, 1008, 1010, 1011, 1012, 1016, 1017, 1018, 1022, 1024, 1025, 1026, 1027, 1029, 1033, 1035, 1101, 1106, 1107, 1122, 1123, 1124, 1127, 1141, 1144, 1147, 1162, 1163, 1168, 1176, 1203, 1213, 1215, 1220, 1229, 1232, 1233, 1251, 1257, 1264, 1290, 1292, 1296, 1297, 1298, 1299, 1300]
	Edges: [(7, 58), (8, 36), (14, 42), (16, 47), (17, 46), (18, 43), (19, 67), (20, 44), (34, 51), (36, 104), (42, 75), (43, 76), (44, 80), (46, 1300), (46, 98), (47, 78), (51, 1300), (51, 101), (67, 1300), (67, 82), (74, 113), (75, 111), (76, 112), (78, 133), (78, 135), (80, 125), (82, 119), (89, 134), (90, 116), (98, 131), (101, 136), (104, 133), (104, 124), (111, 162), (111, 149), (112, 167), (112, 172), (113, 141), (113, 189), (115, 202), (116, 165), (116, 200), (119, 155), (119, 176), (122, 182), (124, 183), (124, 171), (125, 150), (125, 180), (130, 166), (131, 194), (131, 157), (133, 186), (134, 154), (134, 190), (135, 163), (135, 197), (136, 193), (136, 200), (141, 208), (142, 266), (149, 215), (150, 205), (154, 287), (155, 281), (157, 209), (162, 266), (162, 241), (163, 266), (163, 255), (165, 254), (166, 210), (166, 261), (167, 266), (167, 213), (170, 275), (171, 280), (171, 276), (172, 227), (175, 225), (176, 239), (180, 252), (180, 230), (182, 229), (182, 211), (183, 248), (186, 210), (189, 219), (189, 223), (190, 236), (190, 283), (194, 232), (197, 233), (200, 251), (202, 262), (204, 244), (205, 346), (205, 428), (208, 310), (210, 1300), (211, 307), (212, 312), (213, 427), (213, 378), (215, 315), (219, 381), (221, 360), (223, 382), (225, 411), (225, 358), (227, 408), (229, 413), (232, 365), (232, 317), (233, 390), (234, 429), (234, 396), (236, 372), (239, 382), (241, 341), (241, 368), (244, 414), (248, 351), (248, 415), (252, 410), (254, 356), (255, 399), (261, 1300), (262, 337), (262, 328), (269, 320), (270, 325), (270, 364), (275, 418), (275, 395), (276, 373), (280, 319), (281, 317), (287, 351), (287, 419), (307, 1300), (307, 430), (310, 497), (310, 500), (312, 514), (312, 460), (315, 512), (317, 473), (319, 523), (320, 616), (325, 623), (325, 435), (328, 601), (328, 502), (337, 547), (337, 436), (339, 480), (341, 810), (341, 616), (346, 683), (346, 433), (351, 729), (353, 622), (353, 455), (356, 498), (358, 577), (358, 447), (360, 517), (360, 630), (363, 517), (364, 574), (364, 552), (365, 547), (368, 602), (372, 465), (373, 468), (373, 491), (378, 555), (381, 616), (382, 586), (389, 607), (389, 589), (390, 450), (395, 509), (395, 457), (396, 571), (397, 585), (399, 461), (399, 575), (406, 594), (408, 622), (408, 559), (410, 486), (410, 496), (411, 513), (411, 440), (413, 567), (413, 494), (414, 538), (414, 531), (415, 613), (418, 583), (418, 572), (419, 613), (419, 506), (423, 548), (427, 587), (428, 617), (428, 506), (429, 810), (429, 558), (430, 593), (430, 625), (433, 558), (433, 440), (434, 439), (435, 443), (435, 530), (436, 439), (439, 490), (440, 558), (440, 566), (443, 530), (443, 510), (447, 758), (447, 641), (450, 1300), (455, 689), (455, 709), (457, 845), (460, 790), (460, 674), (461, 712), (461, 763), (463, 730), (465, 698), (465, 643), (467, 802), (467, 708), (473, 635), (480, 738), (480, 764), (486, 648), (486, 932), (490, 642), (491, 764), (494, 658), (494, 713), (497, 798), (497, 666), (498, 656), (500, 821), (500, 642), (506, 790), (509, 820), (510, 664), (510, 732), (511, 665), (511, 974), (512, 689), (512, 708), (513, 724), (513, 793), (514, 760), (514, 735), (517, 845), (523, 775), (523, 643), (528, 845), (530, 664), (530, 725), (531, 746), (538, 696), (548, 839), (555, 673), (555, 651), (558, 674), (558, 732), (559, 650), (566, 674), (566, 725), (567, 664), (567, 1300), (569, 747), (571, 673), (571, 761), (572, 664), (572, 831), (574, 657), (574, 825), (575, 739), (575, 845), (577, 782), (577, 761), (580, 747), (582, 1144), (583, 786), (583, 670), (585, 689), (585, 649), (586, 641), (587, 732), (589, 832), (593, 812), (593, 710), (594, 705), (601, 747), (602, 759), (607, 639), (613, 645), (613, 721), (616, 674), (617, 691), (617, 761), (622, 648), (623, 694), (623, 750), (625, 788), (625, 668), (630, 738), (635, 885), (639, 853), (639, 1147), (643, 1003), (645, 914), (648, 1025), (649, 933), (649, 861), (650, 1025), (651, 937), (656, 1106), (657, 932), (657, 937), (658, 1300), (658, 857), (664, 852), (664, 1300), (665, 993), (666, 935), (668, 1300), (668, 913), (670, 1017), (670, 932), (673, 937), (683, 1018), (689, 905), (689, 895), (691, 852), (691, 937), (694, 861), (694, 852), (698, 954), (698, 853), (700, 916), (708, 1010), (709, 1025), (709, 1010), (710, 923), (710, 991), (711, 852), (712, 1300), (712, 935), (713, 933), (713, 1017), (718, 1025), (718, 1018), (721, 914), (724, 908), (724, 852), (725, 948), (725, 1300), (729, 1003), (730, 946), (730, 1147), (735, 988), (739, 1300), (739, 868), (746, 1025), (746, 908), (747, 997), (750, 908), (754, 946), (758, 1300), (758, 885), (759, 910), (760, 983), (761, 937), (761, 910), (763, 935), (763, 997), (764, 871), (764, 1144), (775, 871), (775, 853), (782, 1300), (782, 937), (786, 1017), (786, 852), (788, 915), (788, 1127), (793, 861), (793, 932), (798, 944), (802, 895), (810, 1010), (812, 1122), (812, 961), (820, 906), (820, 1300), (821, 952), (825, 937), (825, 986), (832, 954), (832, 911), (839, 885), (845, 932), (845, 1300), (853, 1003), (857, 1300), (857, 1017), (861, 1010), (861, 1018), (868, 1257), (885, 1233), (888, 1011), (890, 1147), (895, 1010), (908, 1018), (908, 1010), (910, 1297), (911, 1107), (911, 1147), (913, 1127), (913, 1144), (914, 1003), (915, 1127), (915, 1300), (916, 1296), (923, 1300), (923, 1144), (932, 1300), (933, 1300), (933, 1025), (935, 1016), (935, 1300), (937, 1005), (944, 1016), (946, 1147), (946, 1144), (952, 1251), (954, 1147), (961, 1300), (961, 1162), (977, 1101), (983, 1012), (983, 1300), (986, 1300), (986, 1297), (988, 1012), (991, 1300), (991, 1127), (993, 1163), (997, 1300), (997, 1296), (1003, 1144), (1005, 1025), (1008, 1024), (1010, 1022), (1012, 1144), (1017, 1026), (1017, 1144), (1018, 1026), (1022, 1029), (1024, 1292), (1026, 1029), (1026, 1292), (1027, 1035), (1029, 1033), (1033, 1292), (1035, 1292), (1101, 1168), (1101, 1124), (1106, 1300), (1107, 1147), (1107, 1144), (1123, 1176), (1124, 1176), (1124, 1220), (1141, 1203), (1147, 1300), (1147, 1215), (1162, 1300), (1162, 1213), (1203, 1232), (1203, 1290), (1213, 1232), (1215, 1251), (1220, 1229), (1220, 1300), (1232, 1264), (1232, 1300), (1233, 1257), (1251, 1257), (1257, 1300), (1264, 1290), (1264, 1300), (1292, 1300), (1296, 1298), (1296, 1300), (1297, 1299), (1298, 1300), (1299, 1300)]
	Crossbar: 4
	Rows: 33
	Columns: 34
	Nodes: [1, 57, 450, 496, 711, 718, 732, 803, 848, 948, 969, 999, 1013, 1016, 1019, 1023, 1027, 1028, 1031, 1033, 1035, 1053, 1090, 1096, 1100, 1122, 1151, 1195, 1201, 1226, 1247, 1284, 1300]
	Edges: [(1, 57), (57, 1300), (450, 711), (496, 803), (496, 718), (711, 1023), (732, 948), (803, 999), (848, 1300), (948, 1013), (969, 1053), (969, 1096), (1013, 1019), (1016, 1023), (1019, 1027), (1019, 1300), (1023, 1028), (1027, 1300), (1028, 1033), (1031, 1300), (1035, 1300), (1053, 1090), (1053, 1096), (1090, 1096), (1090, 1100), (1100, 1151), (1122, 1300), (1151, 1195), (1195, 1226), (1195, 1300), (1201, 1300), (1226, 1247), (1226, 1300), (1284, 1300)]
