Benchmark: seq
Inputs: 41
Outputs: 35
BDD type: SBDD
BDD construct time (s): 0.469348669052124
	Output variables: f0, f1, f2, f3, f4, f5, f6, f7, f8, f9, f10, f11, f12, f13, f14, f15, f16, f17, f18, f19, f20, f21, f22, f23, f24, f25, f26, f27, f28, f29, f30, f31, f32, f33, f34
	Nodes: 1302
	Edges: 2600
	BDD show time (s): 0.13405561447143555
Partition alpha: 0.5
Partition D: 256
Partition K: 10
Partition ILP time (s): 3652.1534295082092
Partition status: Optimal
Partition objective S: 837.5
N: 9
I: 1666
Roots: [0, 1, 2, 3, 4, 5, 6, 7, 8, 9, 10, 11, 12, 13, 14, 15, 16, 17, 18, 19, 20, 21, 22, 23, 24, 25, 26, 27, 28, 29, 30, 31, 32, 33, 34]
Terminal: [1300]
Gap (%): 21.85
	Crossbar: 0
	Rows: 204
	Columns: 256
	Nodes: [11, 13, 22, 39, 61, 65, 70, 71, 77, 107, 122, 135, 139, 142, 145, 158, 163, 170, 197, 199, 206, 222, 226, 228, 249, 266, 268, 273, 275, 291, 297, 330, 332, 350, 352, 355, 357, 362, 395, 400, 402, 405, 408, 410, 416, 418, 423, 424, 425, 459, 464, 466, 483, 485, 495, 496, 499, 504, 515, 548, 552, 556, 559, 569, 579, 580, 583, 594, 596, 599, 603, 605, 608, 615, 629, 637, 638, 641, 646, 650, 653, 654, 661, 670, 672, 674, 675, 682, 686, 705, 718, 722, 737, 740, 747, 755, 756, 769, 786, 787, 797, 803, 809, 826, 835, 839, 844, 849, 852, 854, 878, 904, 905, 922, 928, 929, 932, 934, 937, 938, 942, 943, 951, 967, 975, 994, 999, 1005, 1007, 1017, 1018, 1025, 1039, 1046, 1048, 1051, 1054, 1057, 1064, 1065, 1066, 1069, 1071, 1073, 1077, 1087, 1090, 1094, 1096, 1099, 1100, 1109, 1110, 1119, 1121, 1123, 1125, 1128, 1142, 1151, 1152, 1158, 1161, 1163, 1164, 1168, 1174, 1176, 1177, 1179, 1188, 1195, 1201, 1202, 1207, 1210, 1211, 1217, 1221, 1222, 1224, 1226, 1230, 1231, 1234, 1239, 1240, 1244, 1247, 1252, 1254, 1255, 1259, 1261, 1263, 1265, 1274, 1275, 1276, 1280, 1281, 1285, 1295, 1300]
	Edges: [(11, 65), (13, 39), (22, 61), (39, 70), (61, 1300), (61, 71), (65, 1300), (65, 77), (70, 139), (71, 107), (77, 122), (107, 145), (122, 170), (135, 163), (135, 197), (139, 142), (139, 158), (142, 266), (145, 273), (163, 266), (170, 266), (170, 275), (199, 268), (206, 402), (222, 350), (222, 297), (226, 416), (228, 330), (249, 352), (249, 424), (268, 423), (273, 425), (273, 291), (275, 418), (275, 395), (291, 400), (297, 405), (330, 464), (332, 483), (332, 603), (350, 599), (352, 579), (355, 485), (355, 608), (357, 556), (362, 504), (362, 629), (400, 466), (400, 603), (402, 596), (402, 515), (405, 483), (405, 495), (408, 559), (410, 496), (416, 459), (416, 629), (418, 583), (423, 569), (423, 548), (424, 580), (424, 499), (425, 615), (459, 637), (459, 674), (464, 756), (466, 672), (483, 672), (485, 675), (485, 787), (495, 682), (496, 803), (496, 718), (499, 844), (499, 674), (504, 637), (515, 737), (548, 839), (552, 646), (552, 641), (556, 661), (556, 1119), (559, 650), (569, 674), (569, 747), (579, 722), (579, 638), (580, 835), (580, 747), (583, 786), (583, 670), (594, 705), (596, 737), (599, 653), (603, 654), (603, 682), (605, 769), (605, 755), (608, 641), (615, 686), (629, 740), (637, 994), (638, 1007), (638, 932), (641, 932), (646, 852), (646, 951), (650, 1025), (653, 942), (661, 1119), (661, 928), (670, 1017), (670, 932), (672, 878), (674, 852), (675, 1007), (675, 943), (682, 1158), (705, 854), (705, 904), (718, 1025), (718, 1018), (722, 1007), (722, 934), (740, 938), (755, 852), (755, 932), (756, 905), (769, 932), (769, 1110), (786, 1017), (786, 852), (787, 1007), (797, 929), (797, 922), (803, 999), (803, 975), (809, 905), (809, 975), (826, 994), (835, 852), (839, 932), (844, 951), (849, 1176), (849, 1142), (854, 1046), (878, 1158), (904, 1073), (904, 1096), (905, 1077), (922, 1064), (922, 1066), (928, 1152), (928, 1119), (929, 1048), (929, 1300), (934, 1295), (934, 1300), (937, 1005), (938, 1048), (942, 1051), (943, 1295), (951, 1234), (967, 1066), (967, 1039), (975, 1300), (975, 1018), (994, 1069), (994, 1039), (999, 1096), (1005, 1025), (1039, 1066), (1039, 1121), (1046, 1057), (1046, 1096), (1048, 1071), (1048, 1066), (1054, 1109), (1064, 1110), (1064, 1109), (1065, 1096), (1065, 1094), (1069, 1087), (1069, 1121), (1071, 1121), (1073, 1094), (1073, 1096), (1077, 1161), (1087, 1161), (1087, 1164), (1090, 1100), (1096, 1121), (1099, 1125), (1099, 1128), (1100, 1151), (1100, 1164), (1109, 1121), (1109, 1119), (1121, 1217), (1123, 1176), (1123, 1177), (1125, 1201), (1128, 1202), (1142, 1207), (1151, 1195), (1152, 1176), (1152, 1300), (1158, 1210), (1163, 1174), (1164, 1188), (1168, 1176), (1168, 1222), (1174, 1210), (1174, 1222), (1176, 1221), (1177, 1217), (1179, 1202), (1179, 1224), (1188, 1211), (1188, 1217), (1195, 1226), (1195, 1300), (1201, 1231), (1202, 1239), (1207, 1254), (1210, 1230), (1211, 1252), (1217, 1234), (1221, 1240), (1222, 1255), (1224, 1244), (1226, 1247), (1230, 1274), (1231, 1281), (1231, 1259), (1239, 1281), (1239, 1261), (1240, 1274), (1244, 1265), (1244, 1261), (1247, 1285), (1247, 1275), (1252, 1285), (1252, 1276), (1254, 1263), (1255, 1280), (1255, 1274), (1259, 1281), (1259, 1300), (1261, 1281), (1265, 1281), (1274, 1280), (1275, 1285), (1275, 1300), (1276, 1285), (1295, 1300)]
	Crossbar: 1
	Rows: 216
	Columns: 256
	Nodes: [3, 6, 9, 21, 30, 33, 40, 49, 56, 60, 62, 63, 72, 73, 74, 84, 89, 94, 106, 113, 115, 117, 123, 132, 134, 143, 144, 152, 154, 159, 181, 183, 184, 189, 190, 191, 202, 203, 206, 207, 216, 219, 223, 237, 240, 241, 247, 248, 257, 262, 265, 266, 269, 274, 285, 287, 290, 298, 299, 309, 311, 313, 320, 322, 327, 337, 338, 340, 341, 347, 351, 368, 377, 379, 381, 383, 386, 388, 391, 392, 394, 415, 419, 431, 436, 437, 441, 446, 448, 487, 488, 503, 506, 518, 526, 529, 537, 541, 542, 547, 553, 554, 557, 570, 590, 591, 604, 605, 606, 613, 616, 621, 626, 631, 632, 645, 654, 660, 669, 672, 674, 678, 680, 682, 685, 686, 687, 688, 690, 699, 701, 706, 714, 721, 727, 729, 736, 738, 749, 765, 767, 773, 779, 790, 796, 800, 807, 810, 822, 833, 835, 837, 841, 842, 849, 856, 862, 870, 876, 879, 882, 896, 901, 914, 917, 918, 925, 931, 939, 955, 956, 958, 959, 964, 970, 974, 978, 990, 998, 1000, 1003, 1044, 1052, 1054, 1094, 1098, 1099, 1103, 1110, 1112, 1116, 1123, 1126, 1135, 1136, 1141, 1143, 1145, 1150, 1154, 1155, 1160, 1166, 1192, 1200, 1218, 1225, 1228, 1243, 1268, 1271, 1279, 1282, 1283, 1291, 1300]
	Edges: [(3, 62), (6, 40), (9, 63), (21, 60), (30, 56), (33, 49), (40, 74), (49, 84), (56, 89), (60, 94), (62, 1300), (62, 72), (63, 1300), (63, 73), (72, 123), (73, 115), (74, 113), (84, 132), (89, 134), (94, 106), (106, 144), (113, 189), (115, 202), (115, 181), (117, 144), (117, 143), (123, 159), (123, 152), (132, 191), (132, 203), (134, 154), (134, 190), (143, 240), (143, 206), (144, 269), (152, 216), (152, 247), (154, 287), (159, 266), (159, 257), (181, 207), (183, 248), (184, 274), (189, 219), (189, 223), (191, 285), (202, 262), (207, 386), (207, 299), (216, 311), (219, 381), (237, 383), (240, 347), (241, 341), (241, 368), (247, 392), (247, 290), (248, 351), (248, 415), (257, 340), (257, 391), (262, 337), (265, 338), (265, 368), (266, 379), (269, 320), (274, 322), (274, 298), (285, 368), (287, 351), (287, 419), (290, 309), (298, 327), (299, 431), (309, 518), (311, 448), (311, 529), (313, 542), (313, 590), (320, 616), (322, 631), (327, 503), (327, 557), (337, 547), (337, 436), (338, 810), (340, 547), (341, 810), (341, 616), (347, 591), (351, 729), (377, 604), (379, 542), (381, 616), (383, 441), (383, 437), (386, 554), (388, 606), (388, 621), (392, 605), (392, 553), (394, 526), (394, 570), (415, 613), (419, 613), (419, 506), (431, 487), (431, 626), (437, 488), (437, 446), (446, 488), (448, 833), (448, 835), (487, 672), (487, 956), (488, 680), (503, 632), (503, 685), (506, 790), (518, 807), (518, 699), (526, 837), (526, 749), (529, 706), (537, 727), (537, 690), (541, 841), (547, 835), (547, 738), (553, 773), (553, 688), (554, 678), (557, 767), (557, 660), (570, 842), (570, 779), (590, 822), (590, 701), (591, 714), (604, 765), (604, 736), (606, 800), (606, 835), (613, 645), (613, 721), (616, 674), (621, 738), (626, 687), (626, 682), (631, 800), (631, 738), (632, 918), (645, 914), (654, 879), (660, 959), (660, 931), (669, 1145), (669, 990), (678, 862), (678, 896), (685, 956), (685, 901), (686, 870), (687, 882), (688, 964), (688, 970), (690, 1116), (690, 856), (699, 1112), (699, 964), (706, 964), (721, 914), (727, 876), (727, 1126), (729, 1003), (736, 974), (736, 917), (749, 998), (765, 1150), (765, 978), (767, 958), (767, 959), (779, 1099), (796, 1150), (796, 849), (807, 964), (807, 1110), (822, 925), (837, 1145), (837, 1000), (841, 882), (841, 964), (842, 955), (842, 1103), (856, 1126), (862, 1044), (862, 1300), (870, 1044), (876, 1126), (876, 1155), (879, 1155), (882, 1154), (896, 1054), (901, 1154), (901, 1094), (914, 1003), (917, 1155), (917, 1126), (918, 1094), (918, 1166), (925, 1094), (925, 1300), (931, 1094), (939, 1110), (955, 1103), (955, 1143), (956, 1154), (958, 1094), (958, 1154), (959, 1126), (959, 1094), (964, 1110), (970, 1054), (970, 1110), (974, 1155), (978, 1116), (978, 1166), (990, 1123), (990, 1098), (998, 1143), (998, 1103), (1000, 1099), (1000, 1136), (1044, 1052), (1054, 1110), (1094, 1126), (1098, 1141), (1098, 1136), (1110, 1126), (1135, 1225), (1150, 1291), (1160, 1192), (1166, 1200), (1192, 1218), (1218, 1243), (1228, 1279), (1228, 1271), (1243, 1283), (1243, 1268), (1268, 1283), (1271, 1279), (1279, 1283), (1279, 1282), (1282, 1291), (1283, 1291), (1291, 1300)]
	Crossbar: 2
	Rows: 204
	Columns: 236
	Nodes: [2, 8, 14, 16, 18, 36, 42, 43, 47, 64, 75, 76, 78, 96, 104, 109, 111, 112, 124, 128, 130, 131, 133, 135, 149, 157, 162, 164, 166, 171, 172, 174, 181, 183, 186, 209, 210, 218, 224, 227, 241, 261, 266, 276, 279, 280, 284, 289, 290, 292, 300, 303, 305, 319, 323, 331, 332, 339, 340, 345, 349, 353, 357, 359, 363, 367, 373, 376, 395, 397, 408, 432, 438, 452, 455, 457, 467, 468, 472, 475, 486, 491, 505, 508, 509, 512, 516, 517, 523, 527, 531, 534, 539, 568, 575, 585, 597, 618, 619, 622, 624, 642, 648, 649, 671, 689, 709, 714, 737, 739, 746, 757, 779, 784, 795, 802, 809, 813, 815, 816, 826, 829, 835, 838, 840, 845, 865, 872, 889, 895, 905, 912, 920, 933, 936, 947, 949, 950, 969, 972, 973, 996, 1010, 1025, 1031, 1034, 1036, 1040, 1042, 1049, 1053, 1057, 1062, 1070, 1071, 1074, 1076, 1078, 1082, 1083, 1084, 1085, 1086, 1090, 1091, 1092, 1096, 1103, 1104, 1105, 1108, 1113, 1114, 1119, 1120, 1129, 1132, 1138, 1140, 1146, 1149, 1153, 1156, 1161, 1165, 1170, 1171, 1179, 1189, 1190, 1191, 1193, 1194, 1204, 1212, 1214, 1217, 1219, 1226, 1228, 1248, 1267, 1283, 1300]
	Edges: [(2, 64), (2, 1300), (8, 36), (14, 42), (16, 47), (18, 43), (36, 104), (42, 75), (43, 76), (47, 78), (64, 96), (75, 111), (76, 112), (78, 133), (78, 135), (96, 130), (96, 128), (104, 133), (104, 124), (109, 174), (111, 162), (111, 149), (112, 172), (124, 183), (124, 171), (130, 164), (130, 166), (131, 157), (133, 186), (157, 209), (157, 279), (162, 266), (162, 241), (164, 266), (164, 1300), (166, 210), (166, 261), (171, 280), (171, 276), (172, 227), (174, 284), (174, 218), (181, 224), (186, 210), (209, 363), (210, 1300), (218, 323), (218, 303), (224, 345), (227, 408), (261, 1300), (276, 373), (276, 292), (279, 367), (279, 305), (280, 319), (284, 397), (289, 300), (290, 357), (292, 376), (300, 359), (303, 357), (305, 332), (319, 523), (323, 534), (331, 508), (339, 568), (340, 432), (345, 472), (345, 619), (349, 539), (349, 505), (353, 622), (353, 455), (357, 505), (359, 475), (359, 618), (363, 517), (363, 452), (373, 468), (373, 491), (395, 509), (395, 457), (397, 624), (397, 585), (408, 622), (432, 642), (432, 438), (438, 642), (438, 516), (455, 689), (455, 709), (457, 829), (457, 845), (467, 802), (468, 815), (472, 835), (475, 757), (475, 795), (486, 648), (505, 1119), (505, 784), (508, 840), (512, 689), (516, 642), (517, 845), (527, 838), (531, 809), (534, 826), (539, 816), (539, 1119), (568, 815), (568, 835), (575, 739), (575, 845), (585, 689), (585, 649), (597, 829), (618, 813), (618, 671), (622, 648), (624, 642), (624, 835), (642, 1300), (648, 1025), (649, 933), (671, 1104), (671, 872), (689, 905), (689, 895), (709, 1025), (709, 1010), (714, 972), (737, 912), (746, 1025), (779, 872), (784, 1132), (784, 1119), (795, 865), (795, 996), (802, 895), (813, 889), (813, 920), (816, 1119), (816, 949), (826, 947), (838, 947), (838, 969), (840, 973), (845, 1300), (865, 1120), (872, 1103), (889, 1103), (889, 1153), (895, 1010), (912, 1070), (920, 1149), (920, 1103), (933, 1025), (936, 1040), (949, 1132), (949, 1119), (950, 1156), (969, 1053), (969, 1096), (972, 1091), (973, 1074), (973, 1042), (996, 1120), (996, 1103), (1025, 1300), (1025, 1031), (1031, 1300), (1031, 1034), (1034, 1300), (1036, 1074), (1036, 1076), (1040, 1062), (1040, 1049), (1053, 1090), (1053, 1096), (1057, 1083), (1057, 1096), (1062, 1085), (1070, 1091), (1071, 1082), (1074, 1161), (1076, 1092), (1078, 1108), (1082, 1161), (1082, 1140), (1083, 1096), (1083, 1113), (1084, 1138), (1085, 1114), (1085, 1138), (1086, 1105), (1090, 1096), (1091, 1114), (1092, 1161), (1092, 1129), (1096, 1119), (1103, 1149), (1103, 1156), (1104, 1165), (1105, 1146), (1105, 1138), (1108, 1138), (1108, 1146), (1113, 1140), (1114, 1191), (1120, 1171), (1129, 1194), (1138, 1193), (1140, 1189), (1149, 1214), (1153, 1170), (1161, 1190), (1165, 1179), (1170, 1300), (1189, 1212), (1189, 1217), (1190, 1217), (1191, 1217), (1193, 1219), (1194, 1219), (1194, 1217), (1204, 1248), (1204, 1300), (1219, 1228), (1226, 1300), (1248, 1283), (1248, 1267), (1267, 1283), (1267, 1300), (1283, 1300)]
	Crossbar: 3
	Rows: 186
	Columns: 223
	Nodes: [4, 10, 17, 19, 46, 55, 67, 68, 82, 83, 88, 98, 106, 108, 119, 121, 128, 138, 146, 147, 148, 149, 155, 158, 160, 168, 176, 185, 188, 203, 206, 215, 223, 226, 228, 230, 231, 235, 239, 245, 250, 253, 258, 259, 262, 264, 265, 277, 278, 294, 296, 302, 306, 310, 314, 315, 322, 323, 324, 328, 331, 334, 335, 353, 361, 362, 369, 370, 371, 374, 382, 406, 409, 426, 430, 453, 456, 467, 479, 482, 500, 501, 502, 512, 521, 522, 524, 525, 527, 532, 536, 551, 560, 563, 576, 586, 594, 598, 610, 620, 625, 634, 641, 642, 655, 668, 681, 684, 704, 708, 716, 719, 728, 734, 739, 743, 749, 752, 753, 762, 768, 773, 778, 780, 788, 796, 819, 821, 828, 843, 846, 860, 867, 868, 881, 883, 892, 913, 915, 921, 941, 945, 952, 979, 980, 981, 984, 987, 989, 1001, 1004, 1009, 1036, 1063, 1119, 1126, 1127, 1143, 1146, 1147, 1154, 1156, 1167, 1177, 1178, 1199, 1201, 1205, 1206, 1215, 1223, 1225, 1234, 1235, 1238, 1242, 1246, 1251, 1257, 1259, 1265, 1266, 1269, 1279, 1294, 1300]
	Edges: [(4, 55), (10, 68), (17, 46), (19, 67), (46, 1300), (46, 98), (55, 88), (67, 1300), (67, 82), (68, 1300), (68, 83), (82, 119), (83, 121), (88, 108), (106, 146), (108, 147), (108, 148), (119, 155), (119, 176), (121, 168), (128, 160), (128, 185), (138, 147), (138, 188), (146, 228), (146, 245), (147, 265), (148, 231), (148, 259), (149, 215), (149, 235), (158, 278), (158, 226), (160, 277), (168, 278), (168, 253), (176, 239), (185, 264), (185, 258), (188, 231), (203, 228), (203, 250), (206, 306), (215, 315), (223, 382), (226, 296), (230, 406), (231, 335), (235, 362), (235, 296), (239, 382), (245, 362), (245, 302), (250, 331), (253, 324), (253, 296), (258, 314), (259, 409), (262, 328), (264, 370), (277, 374), (277, 371), (278, 353), (294, 334), (296, 426), (302, 369), (306, 361), (310, 500), (314, 536), (315, 512), (322, 610), (323, 576), (328, 502), (331, 479), (334, 453), (334, 560), (335, 467), (361, 551), (361, 598), (369, 525), (370, 532), (370, 521), (371, 563), (374, 501), (374, 456), (382, 586), (406, 527), (406, 594), (426, 482), (426, 620), (430, 625), (453, 796), (453, 762), (456, 846), (467, 708), (479, 780), (482, 753), (482, 778), (500, 821), (500, 642), (501, 716), (501, 752), (502, 773), (502, 641), (512, 708), (521, 743), (521, 819), (522, 773), (522, 681), (524, 641), (525, 753), (525, 704), (532, 843), (536, 768), (551, 867), (560, 655), (560, 734), (563, 684), (563, 634), (576, 773), (576, 728), (586, 641), (598, 719), (610, 773), (610, 828), (625, 788), (625, 668), (634, 921), (655, 860), (655, 1167), (668, 1300), (668, 913), (684, 921), (704, 980), (716, 1009), (716, 945), (719, 941), (734, 883), (739, 1300), (739, 868), (743, 984), (749, 867), (752, 1009), (762, 987), (762, 892), (768, 984), (778, 867), (778, 989), (780, 1001), (788, 915), (788, 1127), (819, 1009), (821, 952), (843, 945), (846, 881), (860, 1167), (860, 1154), (867, 1143), (868, 1257), (881, 1294), (881, 1004), (883, 1167), (883, 1119), (892, 1154), (892, 1167), (913, 1127), (915, 1127), (915, 1300), (921, 1009), (941, 1143), (945, 1294), (952, 1251), (979, 1063), (980, 1156), (981, 1156), (981, 1119), (984, 1009), (987, 1154), (987, 1119), (989, 1143), (989, 1156), (1001, 1036), (1004, 1300), (1009, 1119), (1063, 1119), (1063, 1126), (1119, 1300), (1126, 1215), (1127, 1300), (1146, 1199), (1147, 1300), (1147, 1215), (1177, 1225), (1178, 1201), (1178, 1223), (1199, 1205), (1199, 1215), (1201, 1300), (1205, 1238), (1205, 1300), (1206, 1246), (1206, 1300), (1215, 1251), (1215, 1300), (1223, 1242), (1223, 1300), (1225, 1235), (1234, 1300), (1234, 1266), (1235, 1259), (1235, 1266), (1238, 1279), (1238, 1269), (1242, 1265), (1242, 1259), (1246, 1259), (1246, 1300), (1251, 1257), (1265, 1300), (1266, 1300), (1269, 1279), (1269, 1300), (1294, 1300)]
	Crossbar: 4
	Rows: 193
	Columns: 243
	Nodes: [0, 7, 20, 26, 28, 37, 38, 44, 58, 66, 80, 90, 91, 92, 95, 99, 110, 116, 117, 118, 121, 125, 136, 140, 142, 150, 156, 165, 169, 173, 177, 179, 180, 190, 195, 200, 204, 205, 220, 221, 222, 225, 230, 234, 236, 242, 243, 244, 251, 252, 254, 270, 282, 283, 293, 295, 301, 308, 325, 329, 339, 342, 346, 354, 358, 360, 364, 366, 368, 372, 377, 386, 388, 389, 394, 396, 407, 410, 411, 414, 422, 428, 429, 433, 435, 440, 442, 445, 447, 452, 462, 463, 465, 471, 480, 486, 491, 506, 507, 513, 517, 523, 528, 531, 533, 537, 538, 542, 552, 555, 558, 571, 574, 577, 589, 602, 607, 614, 617, 623, 630, 639, 643, 644, 651, 657, 662, 673, 681, 683, 691, 692, 694, 696, 698, 703, 724, 730, 738, 746, 750, 754, 759, 761, 764, 775, 782, 805, 810, 823, 825, 832, 835, 845, 850, 852, 853, 861, 864, 871, 884, 890, 907, 908, 910, 911, 932, 933, 937, 942, 946, 954, 1003, 1010, 1018, 1026, 1049, 1054, 1107, 1130, 1144, 1147, 1159, 1209, 1220, 1229, 1230, 1236, 1262, 1272, 1280, 1297, 1300]
	Edges: [(0, 37), (7, 58), (20, 44), (26, 38), (26, 95), (28, 66), (37, 1300), (37, 90), (38, 1300), (38, 92), (44, 80), (58, 91), (66, 99), (80, 125), (90, 116), (91, 140), (92, 110), (95, 1300), (99, 117), (110, 195), (110, 177), (116, 165), (116, 200), (118, 179), (121, 173), (125, 150), (125, 180), (136, 200), (140, 156), (140, 204), (142, 234), (150, 205), (156, 270), (165, 254), (169, 243), (169, 251), (173, 234), (177, 282), (177, 220), (179, 221), (179, 222), (180, 252), (180, 230), (190, 236), (190, 283), (200, 251), (204, 244), (205, 346), (205, 428), (220, 388), (220, 301), (221, 360), (225, 411), (225, 358), (230, 293), (234, 429), (234, 396), (236, 372), (242, 339), (242, 295), (243, 422), (244, 414), (251, 354), (252, 410), (270, 325), (270, 364), (282, 407), (283, 389), (283, 308), (293, 394), (295, 342), (301, 377), (308, 366), (308, 329), (325, 623), (325, 435), (329, 507), (329, 463), (339, 480), (342, 533), (342, 463), (346, 683), (346, 433), (354, 542), (354, 630), (358, 577), (358, 447), (360, 517), (360, 630), (364, 574), (364, 552), (368, 602), (372, 465), (377, 537), (386, 471), (389, 607), (389, 589), (396, 571), (407, 528), (410, 486), (411, 513), (411, 440), (414, 538), (414, 531), (422, 462), (422, 614), (428, 617), (428, 506), (429, 810), (429, 558), (433, 558), (433, 440), (440, 558), (442, 452), (442, 445), (445, 452), (445, 630), (452, 823), (462, 662), (463, 730), (463, 754), (465, 698), (465, 643), (471, 644), (471, 738), (480, 738), (480, 764), (486, 932), (491, 764), (507, 692), (507, 703), (513, 724), (523, 775), (523, 643), (528, 662), (528, 845), (531, 746), (533, 703), (538, 696), (538, 835), (542, 835), (555, 673), (555, 651), (571, 673), (571, 761), (574, 657), (574, 825), (577, 782), (577, 761), (589, 832), (602, 759), (607, 639), (617, 691), (617, 761), (623, 694), (623, 750), (630, 738), (639, 853), (639, 1147), (643, 1003), (644, 932), (644, 942), (651, 937), (657, 932), (657, 937), (673, 937), (681, 850), (681, 907), (683, 1018), (691, 852), (691, 937), (692, 1144), (692, 884), (694, 861), (694, 852), (696, 933), (698, 954), (698, 853), (703, 1144), (703, 890), (724, 908), (724, 852), (730, 946), (730, 1147), (738, 932), (746, 908), (750, 908), (754, 1130), (754, 946), (759, 910), (761, 937), (761, 910), (764, 871), (764, 1144), (775, 871), (775, 853), (782, 1300), (782, 937), (805, 864), (810, 1010), (823, 932), (825, 937), (832, 954), (832, 911), (845, 932), (850, 1049), (850, 1300), (852, 1300), (853, 1003), (861, 1010), (861, 1018), (864, 1144), (864, 1300), (884, 1130), (890, 1144), (890, 1147), (907, 1054), (907, 1049), (908, 1018), (908, 1010), (910, 1297), (911, 1107), (911, 1147), (933, 1300), (946, 1147), (946, 1144), (954, 1147), (1003, 1144), (1018, 1026), (1107, 1147), (1107, 1144), (1144, 1300), (1159, 1220), (1209, 1236), (1220, 1229), (1229, 1280), (1229, 1272), (1230, 1262), (1236, 1262), (1236, 1272), (1262, 1280), (1272, 1280), (1272, 1300)]
	Crossbar: 5
	Rows: 185
	Columns: 225
	Nodes: [1, 23, 32, 34, 35, 51, 54, 57, 101, 102, 103, 105, 114, 136, 169, 187, 192, 193, 196, 197, 212, 233, 242, 254, 256, 268, 271, 286, 288, 294, 303, 312, 316, 336, 343, 355, 356, 367, 369, 375, 387, 390, 393, 398, 404, 407, 434, 436, 439, 441, 444, 450, 451, 472, 476, 478, 490, 498, 513, 519, 522, 540, 564, 565, 573, 581, 584, 592, 595, 600, 608, 611, 614, 619, 620, 621, 628, 633, 636, 649, 652, 656, 659, 662, 667, 669, 674, 676, 680, 693, 695, 697, 701, 702, 711, 715, 720, 726, 734, 741, 744, 748, 770, 772, 777, 781, 789, 793, 800, 811, 814, 817, 824, 828, 829, 855, 859, 861, 863, 875, 877, 880, 886, 887, 891, 893, 897, 902, 913, 924, 926, 932, 936, 940, 943, 950, 953, 957, 960, 963, 966, 981, 1006, 1007, 1008, 1021, 1023, 1028, 1037, 1041, 1045, 1049, 1050, 1051, 1065, 1067, 1068, 1075, 1078, 1079, 1080, 1081, 1088, 1089, 1093, 1095, 1097, 1106, 1110, 1111, 1114, 1117, 1118, 1128, 1144, 1148, 1153, 1156, 1160, 1176, 1197, 1198, 1204, 1215, 1300]
	Edges: [(1, 57), (23, 35), (32, 54), (34, 51), (35, 102), (51, 1300), (51, 101), (54, 1300), (54, 103), (57, 1300), (101, 136), (102, 105), (103, 114), (105, 196), (105, 169), (114, 187), (114, 192), (136, 193), (187, 212), (192, 256), (192, 242), (193, 288), (196, 286), (197, 233), (197, 271), (212, 398), (212, 312), (233, 390), (254, 356), (256, 343), (268, 375), (271, 336), (271, 294), (286, 355), (286, 404), (288, 393), (303, 316), (316, 476), (316, 451), (336, 478), (336, 522), (343, 584), (356, 498), (367, 540), (367, 519), (369, 592), (375, 628), (375, 434), (387, 573), (390, 450), (390, 564), (393, 490), (398, 565), (398, 595), (404, 573), (407, 611), (434, 439), (434, 490), (436, 490), (436, 439), (439, 490), (441, 581), (441, 444), (444, 581), (450, 711), (450, 1300), (451, 814), (451, 636), (472, 697), (476, 669), (476, 693), (478, 744), (478, 829), (498, 656), (513, 793), (519, 741), (540, 695), (564, 726), (564, 659), (565, 715), (565, 811), (573, 674), (581, 676), (584, 662), (584, 674), (592, 817), (592, 770), (595, 777), (600, 720), (608, 662), (611, 824), (611, 748), (614, 702), (614, 748), (619, 674), (619, 633), (620, 652), (620, 770), (621, 789), (628, 781), (633, 940), (636, 950), (649, 861), (652, 875), (652, 1156), (656, 1106), (659, 940), (659, 1008), (662, 943), (667, 1008), (667, 932), (676, 880), (680, 855), (680, 877), (693, 926), (693, 902), (695, 957), (697, 1023), (701, 963), (702, 886), (711, 1023), (715, 1006), (715, 943), (720, 891), (726, 953), (734, 1176), (741, 936), (741, 877), (744, 880), (748, 887), (748, 1007), (770, 1128), (770, 950), (772, 966), (777, 859), (781, 963), (781, 932), (789, 893), (789, 863), (793, 861), (793, 932), (800, 924), (811, 1006), (814, 981), (814, 1156), (817, 950), (817, 1156), (824, 891), (824, 960), (828, 893), (828, 897), (829, 1300), (829, 932), (855, 1049), (863, 1068), (877, 1049), (880, 1049), (880, 1037), (886, 1007), (887, 1023), (891, 1088), (893, 1045), (897, 1065), (897, 1068), (902, 1153), (902, 1156), (913, 1144), (924, 1075), (924, 1041), (926, 1153), (932, 1300), (940, 1023), (953, 1300), (953, 1008), (957, 1050), (957, 1037), (960, 1300), (960, 1007), (963, 1008), (966, 1148), (966, 1144), (1006, 1021), (1006, 1144), (1007, 1021), (1021, 1028), (1023, 1028), (1037, 1049), (1041, 1068), (1041, 1110), (1045, 1067), (1045, 1068), (1049, 1080), (1050, 1079), (1051, 1093), (1067, 1078), (1067, 1110), (1068, 1088), (1068, 1110), (1075, 1089), (1075, 1110), (1078, 1095), (1079, 1114), (1079, 1160), (1080, 1114), (1081, 1111), (1088, 1095), (1088, 1110), (1089, 1095), (1089, 1097), (1093, 1160), (1095, 1114), (1095, 1117), (1097, 1160), (1097, 1118), (1106, 1300), (1111, 1118), (1111, 1160), (1117, 1197), (1118, 1198), (1148, 1300), (1148, 1176), (1197, 1300), (1197, 1215), (1198, 1204), (1198, 1215)]
	Crossbar: 6
	Rows: 180
	Columns: 212
	Nodes: [5, 12, 15, 29, 41, 50, 52, 69, 85, 86, 97, 98, 100, 109, 113, 118, 129, 131, 137, 141, 155, 175, 184, 194, 195, 198, 208, 225, 232, 249, 260, 263, 281, 292, 294, 295, 304, 309, 310, 317, 321, 348, 349, 352, 365, 366, 384, 385, 387, 391, 403, 409, 412, 418, 447, 449, 454, 458, 469, 473, 474, 481, 483, 484, 489, 492, 497, 511, 520, 541, 544, 547, 549, 550, 561, 572, 582, 600, 609, 635, 636, 640, 641, 664, 665, 679, 707, 726, 728, 740, 742, 751, 758, 771, 772, 774, 776, 780, 791, 792, 794, 804, 806, 808, 823, 830, 831, 833, 836, 839, 848, 851, 859, 885, 894, 898, 909, 927, 930, 939, 940, 965, 968, 971, 974, 976, 977, 982, 985, 992, 993, 1014, 1020, 1030, 1032, 1034, 1038, 1042, 1047, 1052, 1055, 1056, 1058, 1059, 1060, 1066, 1077, 1080, 1084, 1101, 1102, 1112, 1115, 1116, 1121, 1124, 1130, 1131, 1132, 1134, 1135, 1144, 1163, 1168, 1175, 1176, 1180, 1206, 1207, 1209, 1220, 1233, 1257, 1281, 1288, 1289, 1290, 1293, 1295, 1300]
	Edges: [(5, 69), (12, 52), (15, 41), (29, 50), (41, 1300), (41, 97), (50, 85), (52, 86), (69, 100), (85, 118), (86, 129), (97, 109), (98, 131), (100, 137), (109, 175), (113, 141), (129, 184), (131, 194), (137, 198), (141, 208), (155, 281), (175, 225), (184, 260), (194, 232), (195, 249), (198, 263), (208, 384), (208, 310), (232, 365), (232, 317), (260, 348), (263, 387), (281, 317), (292, 403), (294, 412), (295, 385), (304, 349), (304, 321), (309, 454), (310, 497), (317, 473), (321, 511), (321, 541), (348, 474), (348, 600), (352, 489), (365, 547), (366, 609), (366, 550), (384, 549), (385, 561), (385, 544), (391, 469), (391, 473), (403, 582), (403, 544), (409, 449), (409, 492), (412, 520), (412, 458), (418, 572), (447, 758), (447, 641), (449, 679), (454, 792), (454, 791), (458, 808), (469, 641), (473, 635), (474, 833), (474, 641), (481, 771), (483, 974), (484, 794), (489, 641), (489, 774), (492, 640), (511, 665), (511, 974), (520, 836), (541, 830), (544, 1144), (544, 804), (549, 776), (550, 1300), (550, 707), (561, 772), (561, 1144), (572, 664), (572, 831), (582, 742), (582, 1144), (609, 751), (609, 1300), (635, 885), (636, 909), (640, 927), (640, 1056), (664, 1300), (665, 993), (679, 992), (707, 1180), (707, 1300), (726, 848), (728, 976), (728, 968), (740, 968), (742, 1144), (742, 965), (751, 1300), (751, 894), (758, 1300), (758, 885), (771, 930), (771, 1300), (772, 1144), (774, 859), (774, 1300), (776, 930), (780, 985), (791, 939), (792, 977), (794, 1144), (794, 898), (804, 1134), (804, 1144), (806, 982), (806, 968), (808, 1176), (823, 851), (830, 1163), (833, 940), (836, 971), (839, 885), (848, 1080), (848, 1300), (851, 1080), (859, 1295), (859, 1014), (885, 1233), (894, 1180), (894, 1300), (898, 1134), (898, 1115), (909, 1102), (909, 1135), (927, 1038), (930, 1014), (965, 1134), (965, 1144), (968, 1056), (968, 1066), (971, 1176), (976, 1066), (976, 1300), (977, 1101), (982, 1066), (985, 1058), (992, 1056), (992, 1047), (993, 1163), (1014, 1020), (1020, 1030), (1030, 1032), (1032, 1293), (1034, 1293), (1038, 1056), (1038, 1059), (1042, 1058), (1042, 1060), (1047, 1056), (1047, 1055), (1052, 1084), (1055, 1080), (1055, 1121), (1056, 1121), (1058, 1077), (1059, 1084), (1059, 1121), (1060, 1121), (1066, 1077), (1066, 1121), (1077, 1121), (1101, 1168), (1101, 1124), (1102, 1135), (1102, 1131), (1112, 1163), (1112, 1116), (1115, 1300), (1115, 1207), (1116, 1175), (1124, 1176), (1124, 1220), (1130, 1180), (1130, 1175), (1131, 1206), (1132, 1180), (1134, 1180), (1175, 1209), (1175, 1220), (1180, 1206), (1180, 1300), (1209, 1300), (1220, 1300), (1233, 1257), (1257, 1300), (1281, 1289), (1281, 1288), (1288, 1290), (1288, 1300), (1293, 1300)]
	Crossbar: 7
	Rows: 199
	Columns: 255
	Nodes: [25, 27, 31, 48, 53, 59, 81, 87, 93, 112, 120, 126, 127, 129, 151, 153, 161, 167, 178, 182, 199, 201, 204, 213, 214, 217, 229, 237, 238, 246, 266, 267, 272, 289, 304, 312, 313, 318, 324, 326, 333, 343, 344, 376, 378, 380, 401, 413, 420, 421, 427, 435, 440, 442, 443, 460, 470, 477, 481, 484, 490, 493, 494, 509, 510, 514, 524, 530, 535, 543, 545, 546, 555, 558, 566, 567, 578, 587, 588, 612, 627, 628, 642, 647, 658, 663, 664, 667, 674, 677, 700, 708, 711, 713, 717, 723, 725, 731, 732, 735, 745, 753, 757, 760, 766, 783, 785, 790, 797, 799, 801, 805, 806, 815, 818, 820, 822, 834, 847, 852, 853, 857, 858, 866, 871, 873, 874, 899, 900, 903, 906, 916, 919, 933, 947, 948, 967, 979, 983, 988, 995, 1002, 1006, 1008, 1010, 1011, 1012, 1013, 1017, 1019, 1022, 1024, 1026, 1027, 1028, 1029, 1033, 1035, 1043, 1061, 1072, 1081, 1086, 1094, 1104, 1113, 1128, 1133, 1134, 1136, 1139, 1141, 1144, 1145, 1157, 1162, 1167, 1178, 1196, 1203, 1208, 1212, 1213, 1227, 1232, 1237, 1241, 1256, 1264, 1266, 1277, 1278, 1284, 1285, 1290, 1292, 1296, 1298, 1300]
	Edges: [(25, 59), (27, 53), (31, 48), (48, 81), (53, 87), (59, 93), (81, 127), (87, 126), (93, 120), (112, 167), (120, 151), (126, 199), (126, 178), (127, 153), (127, 201), (129, 161), (151, 214), (151, 237), (153, 246), (161, 217), (167, 266), (167, 213), (178, 272), (178, 267), (182, 229), (199, 266), (201, 238), (204, 289), (213, 427), (213, 378), (214, 333), (217, 380), (217, 318), (229, 413), (238, 344), (246, 421), (267, 326), (267, 304), (272, 313), (289, 401), (312, 514), (312, 460), (318, 470), (318, 493), (324, 578), (324, 612), (326, 627), (326, 524), (333, 490), (333, 442), (343, 477), (344, 663), (376, 484), (376, 535), (378, 555), (380, 588), (380, 642), (401, 543), (401, 546), (413, 567), (413, 494), (420, 545), (420, 481), (421, 731), (427, 587), (435, 443), (435, 530), (440, 566), (443, 530), (443, 510), (460, 790), (460, 674), (470, 700), (477, 818), (477, 717), (481, 642), (484, 805), (490, 642), (493, 799), (494, 658), (494, 713), (509, 766), (509, 820), (510, 664), (510, 732), (514, 760), (514, 735), (524, 834), (530, 664), (530, 725), (535, 647), (535, 783), (543, 723), (545, 785), (545, 667), (546, 674), (546, 797), (558, 674), (558, 732), (566, 674), (566, 725), (567, 664), (567, 1300), (578, 745), (587, 732), (588, 677), (588, 667), (612, 806), (627, 801), (627, 674), (628, 677), (647, 899), (647, 1139), (658, 1300), (658, 857), (663, 847), (664, 852), (677, 874), (677, 852), (700, 916), (708, 1010), (711, 852), (713, 933), (713, 1017), (717, 1006), (723, 947), (723, 967), (725, 948), (725, 1300), (731, 847), (732, 948), (735, 988), (745, 967), (753, 1145), (753, 995), (757, 1145), (757, 919), (760, 983), (766, 1300), (766, 906), (783, 1134), (783, 900), (785, 1008), (785, 852), (790, 866), (799, 852), (799, 866), (801, 947), (801, 1002), (805, 858), (815, 853), (815, 1144), (818, 871), (818, 903), (820, 906), (820, 1300), (822, 874), (834, 873), (834, 979), (847, 853), (857, 1300), (857, 1017), (858, 1144), (858, 1139), (866, 1266), (871, 1144), (873, 1043), (873, 1300), (874, 1008), (899, 1139), (899, 1144), (900, 1139), (900, 1300), (903, 1006), (906, 1011), (906, 1300), (916, 1296), (919, 1104), (919, 1136), (948, 1013), (979, 1094), (983, 1012), (983, 1300), (988, 1012), (995, 1128), (995, 1145), (1002, 1061), (1002, 1094), (1008, 1024), (1010, 1022), (1012, 1144), (1013, 1019), (1017, 1026), (1017, 1144), (1019, 1027), (1019, 1300), (1022, 1029), (1024, 1292), (1026, 1029), (1026, 1292), (1027, 1300), (1027, 1035), (1028, 1033), (1029, 1033), (1033, 1292), (1035, 1300), (1035, 1292), (1043, 1072), (1043, 1094), (1061, 1081), (1061, 1094), (1072, 1086), (1072, 1094), (1081, 1094), (1086, 1094), (1104, 1157), (1113, 1133), (1133, 1196), (1136, 1213), (1139, 1300), (1139, 1208), (1141, 1203), (1145, 1290), (1157, 1178), (1162, 1213), (1167, 1208), (1196, 1227), (1196, 1300), (1203, 1232), (1203, 1290), (1212, 1241), (1213, 1232), (1213, 1300), (1227, 1237), (1227, 1300), (1232, 1264), (1232, 1300), (1237, 1278), (1237, 1277), (1241, 1278), (1241, 1256), (1256, 1278), (1264, 1290), (1264, 1300), (1277, 1278), (1277, 1300), (1278, 1285), (1278, 1284), (1284, 1290), (1284, 1300), (1285, 1290), (1290, 1300), (1292, 1300), (1296, 1298), (1298, 1300)]
	Crossbar: 8
	Rows: 99
	Columns: 135
	Nodes: [24, 45, 79, 122, 138, 163, 182, 211, 255, 307, 328, 399, 417, 420, 430, 461, 497, 533, 562, 575, 593, 597, 601, 666, 710, 712, 733, 744, 747, 763, 773, 798, 812, 825, 827, 831, 869, 875, 884, 888, 923, 935, 944, 947, 961, 962, 986, 991, 997, 1011, 1012, 1015, 1016, 1023, 1122, 1127, 1137, 1143, 1144, 1154, 1155, 1156, 1159, 1162, 1169, 1170, 1171, 1172, 1173, 1181, 1182, 1183, 1184, 1185, 1186, 1187, 1200, 1208, 1214, 1216, 1245, 1249, 1250, 1253, 1258, 1260, 1263, 1270, 1273, 1280, 1286, 1287, 1289, 1290, 1291, 1296, 1297, 1299, 1300]
	Edges: [(24, 45), (45, 79), (79, 138), (122, 182), (163, 255), (182, 211), (211, 417), (211, 307), (255, 420), (255, 399), (307, 1300), (307, 430), (328, 601), (399, 461), (399, 575), (417, 597), (417, 562), (430, 593), (461, 712), (461, 763), (497, 798), (497, 666), (533, 827), (562, 773), (562, 1300), (593, 812), (593, 710), (597, 733), (601, 747), (666, 935), (710, 923), (710, 991), (712, 1300), (712, 935), (733, 888), (733, 1300), (744, 869), (747, 997), (763, 935), (763, 997), (773, 1300), (798, 944), (812, 1122), (812, 961), (825, 986), (827, 1144), (827, 962), (831, 947), (831, 1300), (869, 1300), (869, 1015), (875, 1156), (875, 1143), (884, 1137), (888, 1300), (888, 1011), (923, 1300), (923, 1144), (935, 1016), (935, 1300), (944, 1016), (947, 1015), (961, 1300), (961, 1162), (962, 1159), (962, 1137), (986, 1300), (986, 1297), (991, 1300), (991, 1127), (997, 1300), (997, 1296), (1011, 1300), (1011, 1144), (1012, 1023), (1015, 1300), (1016, 1023), (1122, 1300), (1122, 1290), (1127, 1214), (1137, 1300), (1137, 1200), (1143, 1173), (1154, 1169), (1155, 1172), (1156, 1216), (1159, 1300), (1162, 1300), (1169, 1181), (1169, 1182), (1170, 1181), (1171, 1184), (1171, 1183), (1172, 1184), (1173, 1184), (1173, 1185), (1181, 1300), (1181, 1187), (1182, 1186), (1182, 1300), (1183, 1187), (1183, 1186), (1184, 1186), (1185, 1187), (1186, 1300), (1187, 1300), (1200, 1245), (1200, 1291), (1208, 1249), (1214, 1250), (1214, 1300), (1216, 1253), (1245, 1270), (1245, 1291), (1249, 1287), (1249, 1273), (1250, 1289), (1250, 1258), (1253, 1289), (1253, 1260), (1258, 1289), (1258, 1300), (1260, 1289), (1263, 1291), (1270, 1291), (1273, 1287), (1280, 1287), (1280, 1286), (1286, 1291), (1287, 1300), (1287, 1291), (1289, 1290), (1296, 1300), (1297, 1299), (1299, 1300)]
